hunterace,66,85,80,231
justsaiyan,47,67,86,200
Fenomeno,55,75,66,196
Seiko,52,56,85,193
muzzy,41,85,59,185
Jarla,51,65,64,180
Tyler,53,46,72,171
Casie,42,54,67,163
Swidz,53,47,62,162
BoarControl,40,69,53,162
Monsanto,46,45,70,161
Bozzzton,49,50,59,158
承泰不要,36,54,68,158
Ryvius,54,53,49,156
Shaxy,42,68,42,152
Kalàxz,53,33,65,151
seohyun628,41,50,59,150
Amnesiac,30,58,52,140
Machamp,36,56,45,137
RENMEN,43,39,54,136
Viper,39,51,46,136
Bunnyhoppor,36,60,40,136
PNC,26,62,48,136
MM78,36,49,49,134
Maur1,42,42,48,132
FroStee,40,46,45,131
xBlyzes,45,49,36,130
Rase,39,48,42,129
kolmari,36,50,43,129
ETC,34,43,52,129
tom60229,46,36,46,128
blitzchung,43,37,48,128
Surrender,43,49,36,128
Meati,36,45,45,126
strikeright,30,51,45,126
Faeli,32,51,42,125
Sintolol,36,43,46,125
Kolento,46,42,36,124
NoName,42,42,40,124
Steelo,39,48,36,123
dawido,39,39,44,122
Tredsred,36,48,38,122
A83650,33,50,39,122
Jengo,30,45,47,122
Roger,39,40,42,121
Zyrios,30,43,48,121
glory,45,36,39,120
물리왕,30,51,39,120
bloodyface,24,28,68,120
Maverick,37,43,39,119
Gyong,28,45,46,119
Zalae,32,65,21,118
aqua,36,45,36,117
DacCarp,35,44,38,117
Hoej,31,41,45,117
Rdu,46,43,27,116
내게로와,30,40,45,115
Alan870806,23,47,45,115
iNS4NE,33,42,39,114
Furyhunter,30,45,39,114
GeneraL,27,45,42,114
Zuhex,39,23,51,113
Crane333,37,36,40,113
Turna,34,46,33,113
ThijsNL,33,40,40,113
Purple,43,27,42,112
Taesang,27,36,49,112
Vardu,27,44,41,112
Cydonia,16,54,42,112
あれっくす,36,33,42,111
Orange,34,35,42,111
Findan,33,39,39,111
Akumaker,32,36,43,111
Felkeine,28,41,42,111
Moyen,27,42,42,111
Glaser,44,52,14,110
Twink,40,56,14,110
GreenSheep,39,43,28,110
Gallon,35,31,44,110
ntR,35,39,36,110
SwaggyG,28,35,47,110
cocosasa,37,36,36,109
Trec,33,37,39,109
Savvat,27,43,39,109
ThunderUP,28,39,40,107
Windello,45,22,39,106
katsucurry,27,42,37,106
FibEli3,30,39,36,105
Tarei,34,42,28,104
s8ris,31,33,40,104
okasinnsuke,28,40,36,104
posesi,28,34,42,104
Nalguidan,21,52,31,104
Hi3,0,53,51,104
Babon,34,48,21,103
Tansoku,30,34,39,103
noblord,39,34,29,102
CitizenNappa,32,34,36,102
zlsjs,23,39,40,102
Dizdemon,19,42,41,102
TechnoGoose,17,39,46,102
Zamos,12,47,43,102
Juristis,43,37,21,101
MegaGliscor,31,34,36,101
XiaoDai,30,41,30,101
Xixo,30,27,44,101
Картошечка,30,42,29,101
Silvors,15,45,41,101
Asura,33,39,28,100
kin0531,30,36,34,100
Sequinox,30,34,36,100
거북이,28,39,33,100
Athanas,22,39,39,100
Klei,43,28,28,99
Kalas,33,24,42,99
horo,30,33,36,99
pokrovac,33,45,20,98
zumpp,33,40,25,98
AKAWonder,30,40,28,98
Ender,31,30,36,97
Neirea,31,30,36,97
DacMalza,31,28,38,97
Hearthstoner,28,33,36,97
SamuelTsao,22,39,36,97
Xeno,18,39,40,97
Dimasik,16,42,39,97
mikolop,6,45,46,97
eilic,33,24,39,96
takas,33,33,30,96
Kuonet,20,38,38,96
Kribo,29,21,45,95
INER,23,39,33,95
killinallday,22,43,30,95
MCweifu,22,36,37,95
Lucken,14,40,41,95
Sooni,0,50,45,95
Elfandor,0,42,53,95
Ant,37,27,30,94
riku97,33,37,24,94
UchihaSaske,31,33,30,94
Apxvoid,25,39,30,94
Fibonacci,24,42,28,94
lnguagehackr,21,27,46,94
香菇奾汁,21,39,34,94
kevin,27,27,39,93
山下智久,18,38,37,93
Yogg,33,18,41,92
RastaFish,31,43,18,92
Theo,23,30,39,92
Snoodyboo,8,39,45,92
NAGON,36,19,36,91
MATSURI,33,31,27,91
dog,26,35,30,91
撒旦降臨,21,28,42,91
Zananananan,19,42,30,91
martim,36,40,14,90
Tars,28,21,41,90
Janetzky,19,35,36,90
Fr0zen,34,27,28,89
TheMaverick,34,34,21,89
Mage,34,38,17,89
Hatul,14,26,49,89
TIZS,14,39,36,89
Eclipse,5,42,42,89
trahison,33,34,21,88
무에서유창조,42,39,6,87
SCACC,39,26,22,87
patoyao,33,33,21,87
fzmushko,25,22,40,87
maxchen,27,23,36,86
Jay,22,25,39,86
gyu,18,38,30,86
Ruby,42,7,36,85
Scruffy,33,42,10,85
Joaquin,30,27,28,85
Zyx,30,39,16,85
Jobsad,23,23,39,85
Fled,15,30,40,85
tholwmenos,21,29,34,84
caravaggio8,17,36,31,84
sjow,14,42,28,84
gaby59,27,33,23,83
Florindo,24,19,40,83
Che0nsu,19,36,28,83
b787,30,30,22,82
Staz,28,36,18,82
lambyseries,23,23,36,82
MrLovalova,15,25,42,82
발레스트라,24,33,24,81
Pan,8,36,37,81
Portia,0,39,42,81
DawN,22,36,22,80
MaRu,20,24,36,80
Glasnost,14,39,27,80
Lii,9,30,41,80
reall,30,36,13,79
Zarathustra,19,30,30,79
Impact,11,26,42,79
뚜치뚜치,8,35,36,79
oyatsu,31,33,14,78
seiger,24,27,27,78
tenergy,21,27,30,78
Virtual,21,33,24,78
HotMEOWTH,20,27,31,78
FreddyB,12,27,39,78
Leta,36,41,0,77
SilverName,29,42,6,77
Villain,21,28,28,77
exigo,19,19,39,77
Tomas,13,39,25,77
Justine,22,27,27,76
Zaguios,0,43,33,76
Rikitikitavi,33,19,23,75
Zeeland,27,27,21,75
Zorkthar,17,39,19,75
Qwerty97,15,30,30,75
ШтанУдачи,37,31,6,74
Londgrem,28,36,10,74
SoleniumSol,27,20,27,74
Dalesom,25,30,19,74
yoitsflo,24,36,14,74
Pool8,23,39,12,74
eg99,19,25,30,74
にん,8,30,36,74
Perna,27,21,25,73
윤지용,27,46,0,73
Swaggermeist,18,39,16,73
Charon,11,26,36,73
Tail,26,12,34,72
StrifeCro,25,33,14,72
Guiyze,24,20,28,72
Fungggg,0,33,39,72
Garchomp,30,22,19,71
Meliador,30,27,14,71
PapaJason,30,14,27,71
Thomerio,22,10,39,71
serra,14,21,36,71
Hypno,9,28,34,71
Tincho,8,28,35,71
heisnotaxel,7,36,28,71
N0lan,25,17,28,70
설다비,25,12,33,70
Gaboumme,22,18,30,70
Altere,14,42,14,70
Jakaso27,10,30,30,70
ulza8102,0,31,39,70
大黑神,33,36,0,69
nukesaku,30,33,6,69
DrJikininki,26,24,19,69
Lucas,24,18,27,69
SnipedAgain,15,27,27,69
KiRu,0,33,36,69
Nicslay,33,35,0,68
GundamFlame,30,22,16,68
Rolle,28,33,7,68
Electrify,25,22,21,68
Mitsuhide,25,22,21,68
Jakattack,22,18,28,68
topopablo11,17,21,30,68
Ike,13,27,28,68
Kevor24,12,27,29,68
Kycoo,6,39,23,68
VirtuozZ,5,42,21,68
FuF,0,32,36,68
Jesuisbob,12,30,25,67
ElMachico,34,21,11,66
rayC,22,16,28,66
Rage,19,23,24,66
Haze,12,21,33,66
Kufdon,6,43,17,66
TerrenceM,39,18,8,65
Bequiet,32,28,5,65
Vinz,18,39,8,65
ChaboDennis,17,24,24,65
honbee,17,12,36,65
NaviOOT,15,15,35,65
Odemian,46,12,6,64
Kranich,26,22,16,64
Narina,18,24,22,64
Myth555,17,28,19,64
levik,16,21,27,64
Cesky,15,22,27,64
Uberer,13,28,23,64
bobbyex,9,27,28,64
Jonahrah,9,28,27,64
Firebat,7,27,30,64
LostHead,7,30,27,64
SamDi,0,36,28,64
DenimBlue7,31,17,15,63
DocPwn,22,6,35,63
Sevel,19,30,14,63
えんちゃび,9,30,24,63
Disdai,34,22,6,62
Thund3r,26,17,19,62
cowboys367,4,28,30,62
pianolkiller,0,22,40,62
TheViper94,24,20,17,61
StanCifka,22,27,12,61
TheJordude,21,31,9,61
SebastianJo,18,34,9,61
matsup,10,12,39,61
Sonagi,5,36,20,61
Hadeson,0,36,25,61
Zhym,33,20,7,60
espumito,20,24,16,60
illsory,19,23,18,60
Rezdan,19,16,25,60
DimitriKazov,16,19,25,60
BlessTheFall,4,31,25,60
TNTfire,0,39,21,60
Level9001,20,6,33,59
Baumgott,17,22,20,59
Plantz,17,12,30,59
SargentoSC,17,12,30,59
hinaya,11,34,14,59
Bacco,8,24,27,59
Martyr,8,12,39,59
Ronnie,33,20,5,58
Thiddi,33,25,0,58
NikolajHoej,31,19,8,58
ILBARONE,22,17,19,58
Pinche,21,25,12,58
mishail,15,17,26,58
MissPeace,7,12,39,58
Enrico,0,22,36,58
Houdinii,23,19,15,57
IrvinG,21,17,19,57
Korextron,21,27,9,57
DrBoom,18,24,15,57
KoeSoyh,17,21,19,57
BlizzconJan,10,32,15,57
sipiwi94,0,43,14,57
Activelee,0,27,30,57
AlxJan7,28,6,22,56
NamEkianer92,27,22,7,56
샹하이,25,19,12,56
Yinus,23,23,10,56
DK07,9,17,30,56
Thomm,8,40,8,56
DenBut,7,34,15,56
Cosmo,0,20,36,56
DeadDraw,0,19,37,56
Mryagut,33,15,7,55
BigPoppa,30,25,0,55
Deathsie,25,24,6,55
DevilMat,16,12,27,55
hqr,16,12,27,55
Valenash,16,17,22,55
BeNice,15,19,21,55
GooGieMoNA,14,19,22,55
DEHP,11,22,22,55
YellowDeath,11,11,33,55
Duelist,4,15,36,55
Starfruit,0,27,28,55
Zuka,32,16,6,54
losefield,27,18,9,54
radless,22,19,13,54
Pain,18,21,15,54
Crumpled,15,33,6,54
baniboy,12,12,30,54
Empanizado,12,21,21,54
Insom,9,22,23,54
DDaHyoNi,7,35,12,54
TNTPavean,0,36,18,54
Definition,0,0,54,54
wiz,25,28,0,53
Anguistar,22,24,7,53
J4YOU,20,6,27,53
Flurry,14,25,14,53
jambre,13,33,7,53
TheBigMac,12,12,29,53
Ghost,9,33,11,53
Amazing,7,7,39,53
NoodLe,0,23,30,53
KrajdaCz,19,33,0,52
matff,19,8,25,52
Machbe,14,16,22,52
Sjoesie,13,12,27,52
xenon,11,21,20,52
LuigEzz,5,17,30,52
SlowBro,0,33,19,52
SpaDj,36,15,0,51
NoRage,24,19,8,51
Kapi,15,28,8,51
Matteo,14,27,10,51
Bèp92,11,16,24,51
Rooftrellen,9,24,18,51
Conrad,8,27,16,51
Cucca,7,17,27,51
Ryder,7,27,17,51
TypoVampire,7,8,36,51
Akatsu,4,29,18,51
Vanik,24,15,11,50
lowseeker,18,20,12,50
While,13,21,16,50
Khamûl,10,22,18,50
おーじー,9,14,27,50
兄人,9,27,14,50
Piyobot,30,19,0,49
Paradox,21,10,18,49
Muramatsu,16,33,0,49
SilverByz,16,33,0,49
SoLegit,11,8,30,49
SomiTequila,11,24,14,49
こま,10,19,20,49
Peter,9,24,16,49
マイマイ,6,43,0,49
Triton,5,21,23,49
Creapz,0,43,6,49
Pal,0,36,13,49
Ownerism,0,34,15,49
WoT,14,7,27,48
CheeseHead,12,12,24,48
BrAiN,10,30,8,48
thegamer97,9,11,28,48
Joske609,6,25,17,48
chosenone,40,7,0,47
Gaara,30,17,0,47
GingaNinja,30,7,10,47
Gusonaj,30,17,0,47
ute1234,23,16,8,47
C4mlann,22,14,11,47
Albrigtsen,19,18,10,47
SirVILGAUDAS,19,9,19,47
くろの,11,30,6,47
瘋狂貓客,9,11,27,47
Hawkeye,8,0,39,47
ADU,6,11,30,47
Nostam,6,29,12,47
한강,6,14,27,47
RaFaEl,5,33,9,47
seogui,5,35,7,47
ironFIRE,4,31,12,47
Switch,4,34,9,47
kuroma,0,14,33,47
ABS0L,36,10,0,46
Gogongsing,30,9,7,46
Nizahe,26,11,9,46
jonouchi,22,12,12,46
s2mr,22,24,0,46
DacLue,21,25,0,46
fateos,19,21,6,46
Khaius,19,16,11,46
starworld111,19,8,19,46
Fenom,17,12,17,46
mariellino,16,10,20,46
Burr0,12,16,18,46
H4RAMBE,12,34,0,46
Karomizu,12,18,16,46
SGAhIce,12,27,7,46
Toastmonster,11,17,18,46
Rosty,10,28,8,46
Tenacious,9,17,20,46
Macheen,8,24,14,46
PrinceFancy,7,27,12,46
Player671,0,10,36,46
TheGenocide,45,0,0,45
순이,45,0,0,45
pksnow,28,17,0,45
Oloninho,27,12,6,45
Kyouma,21,19,5,45
Neves,20,11,14,45
WaningMoon,20,14,11,45
tarohiko,19,16,10,45
RakJo,18,17,10,45
fertygo,16,10,19,45
Madara,16,24,5,45
콜로퀴엄좀,16,21,8,45
Raphael,14,20,11,45
淡定哥,14,14,17,45
中壢邰智源,12,13,20,45
Raeff,7,11,27,45
蘇家宇,6,30,9,45
LastHopelolz,0,9,36,45
코둘기,28,16,0,44
Diva,27,17,0,44
SilentStorm,23,16,5,44
Tuttek,23,16,5,44
Tixuty,22,11,11,44
Blitz,20,14,10,44
Odyssey,19,14,11,44
totosh,17,19,8,44
MaeveDonovan,16,14,14,44
js5,14,15,15,44
Zeh,14,0,30,44
Birthday,11,33,0,44
Mirkino,10,18,16,44
Pizza,9,21,14,44
shipingorder,9,20,15,44
DeathBoose,7,7,30,44
Raena,36,7,0,43
從垃圾堆回來了,19,24,0,43
AlivZ,15,18,10,43
로좀,16,5,22,43
Enori,14,10,19,43
PillowHunter,14,18,11,43
Lokyin,12,10,21,43
Montanaz0r,10,8,25,43
curry,7,12,24,43
poko,7,14,22,43
LooGiiQQ,5,32,6,43
ReneKuroi,0,33,10,43
Gladen,0,27,16,43
deathstarV3,0,10,33,43
DarkBeef,0,4,39,43
Ostkaka,0,0,43,43
Kowsai,0,0,43,43
Pignas,30,12,0,42
Pavel,23,0,19,42
Blackhole,20,12,10,42
Allad,18,12,12,42
Amyks,16,14,12,42
Denix,14,11,17,42
SilverReald,14,28,0,42
shoop,13,7,22,42
illness,12,24,6,42
BLS4GAME,10,14,18,42
Calamity,7,17,18,42
yaoi420,7,25,10,42
Cptnkitty,6,19,17,42
Rostyslav,6,0,36,42
Redtea,23,10,8,41
Ryuuzu,22,19,0,41
ryo,19,7,15,41
Warma,17,16,8,41
Fifi,16,7,18,41
Coldzera,13,16,12,41
blueblurr,11,14,16,41
Otsuna,11,19,11,41
LikeuGirl,10,6,25,41
엘렌디야,7,16,18,41
Doffyduff,6,10,25,41
esteban,6,13,22,41
Cheese,4,27,10,41
SirSalty,0,0,41,41
dogmeat,25,15,0,40
Narra,19,14,7,40
Dazzar,16,24,0,40
friki,14,10,16,40
ScreaM,14,19,7,40
mooingsheep,12,16,12,40
gété,9,14,17,40
smiling,7,33,0,40
Leomane,6,4,30,40
Asuna,0,23,17,40
zoroark,0,7,33,40
XisBau5e,23,16,0,39
Sai,20,12,7,39
Jac0b0,19,10,10,39
Arcade,18,16,5,39
ViperPro,17,14,8,39
Xelerator,17,22,0,39
cri,16,14,9,39
Faceopei,15,14,10,39
Linken,15,12,12,39
ProfessorOak,14,15,10,39
zridex,12,13,14,39
BigBoy,11,21,7,39
Coglorin,11,18,10,39
유정연좋아요,11,21,7,39
XiaoShan,9,12,18,39
Ares,8,19,12,39
maXout,7,14,18,39
Taeyeon,4,12,23,39
Goddraw,0,25,14,39
garubor,0,7,32,39
LazyA,30,0,8,38
lynx,22,16,0,38
Klotix,19,19,0,38
Weghuz,19,19,0,38
AdaMiries,16,4,18,38
Pascoa,14,12,12,38
JamesBond,12,13,13,38
Minislash,12,17,9,38
Temich,12,12,14,38
hcm,9,15,14,38
KentNoble,8,12,18,38
JhongTin,7,22,9,38
Maxxe,6,16,16,38
notcreater,6,17,15,38
albo21,4,16,18,38
Aviera,0,27,11,38
Archerknight,0,11,27,38
Rostovmax,30,7,0,37
T4COTASTIC,23,14,0,37
갓담근갓김치,21,9,7,37
grr,20,6,11,37
굿보이,15,17,5,37
Stark,14,23,0,37
Lucky,12,10,15,37
Avaritia,11,16,10,37
Elto,11,9,17,37
Threat,11,26,0,37
UrGot,11,17,9,37
True0Devil,10,20,7,37
Pepe,9,12,16,37
무서운드루,9,12,16,37
JackTorrance,8,16,13,37
Schadenfreud,8,15,14,37
史詩束褲,8,16,13,37
テンペスト,6,14,17,37
Felzak,4,7,26,37
Garrickz,0,30,7,37
NickChipper,0,25,12,37
Jesuis1,0,19,18,37
MasCa,0,9,28,37
matuko,36,0,0,36
신명수,30,6,0,36
ARAI,23,8,5,36
BustaJ,20,11,5,36
exilessmath,16,14,6,36
Chinoize,14,22,0,36
Lavvek,14,22,0,36
NanoNasone,14,16,6,36
simonedeho,14,12,10,36
TheRabbin,14,16,6,36
ginko,13,12,11,36
lattosio,12,24,0,36
gle,8,8,20,36
SkyFrosty,8,19,9,36
百鬼,8,14,14,36
MegaManMusic,6,6,24,36
Ness,6,9,21,36
LemyBiB,5,14,17,36
ЯркийМолот,4,5,27,36
Control,0,28,8,36
Tortue,0,27,9,36
TNTAlpe,0,20,16,36
Faerthos,0,14,22,36
Incurro,0,9,27,36
Rami94,0,6,30,36
Yisoo,0,0,36,36
Cassia,27,8,0,35
MaxTheRipper,24,0,11,35
b4bana,23,12,0,35
GreeD,22,13,0,35
Kamahl,17,10,8,35
낭천,16,12,7,35
SteveFrench,12,9,14,35
Yanlex,12,17,6,35
Wuncler,11,13,11,35
Balorix,9,8,18,35
Lumble,8,8,19,35
Metalic,8,4,23,35
PSY,8,16,11,35
Foot,7,16,12,35
Narkotikzx,7,14,14,35
Swate,7,11,17,35
Piszczel,4,13,18,35
PoliteSniper,4,15,16,35
RealTerror,0,26,9,35
Mogumi,30,4,0,34
noSalvati0n,22,6,6,34
ComiX,17,17,0,34
양봉꾼,17,17,0,34
jad346,16,12,6,34
DacDamDam,14,14,6,34
Alan,12,7,15,34
EllenPage,12,0,22,34
StefanSim,12,22,0,34
Ginger,11,4,19,34
herusia,10,12,12,34
Whiplash,10,10,14,34
AllanPogi,9,0,25,34
Diaz,9,12,13,34
mincho,9,25,0,34
Thelast,9,25,0,34
Time,8,17,9,34
DressShirt,7,14,13,34
Gandalf,7,11,16,34
Lancer,7,15,12,34
Flamekilla,6,0,28,34
Ligor,6,28,0,34
Norwis,6,9,19,34
Un33D,6,11,17,34
Zeddy,4,12,18,34
Saturos,0,24,10,34
Resentful,0,17,17,34
Edwin,0,16,18,34
rascal,0,15,19,34
Chakki,33,0,0,33
fire,33,0,0,33
SATANCURSEYO,27,6,0,33
Jaekyll,17,8,8,33
hollow,16,9,8,33
Uzra,16,10,7,33
Destiny,15,4,14,33
adri,14,19,0,33
Quatro,14,12,7,33
さいとう,11,22,0,33
재수는독학이진리,11,14,8,33
小熊維尼,11,10,12,33
Shy,10,16,7,33
Tweeg,10,9,14,33
CosplayGrill,9,7,17,33
동기링,8,10,15,33
Flix,7,13,13,33
순뇽,7,17,9,33
Cerwindhunt,6,11,16,33
Matty,6,7,20,33
Eógan,4,10,19,33
RomaNorgy,0,25,8,33
ThuFull,0,21,12,33
Ian,0,17,16,33
jtamonda,0,14,19,33
Sezoklo,0,9,24,33
HSKeDaiBiao,0,6,27,33
introdub,0,6,27,33
mario18599,0,6,27,33
SteveD,32,0,0,32
Blaze,25,7,0,32
moso,20,6,6,32
Mikka,14,12,6,32
Transchaos19,13,9,10,32
OrcMalade,12,20,0,32
Dantist,11,14,7,32
Kenobe,9,12,11,32
Maoooooo,9,23,0,32
則龍之王,9,16,7,32
Chrimson,8,16,8,32
たろを,6,17,9,32
VespaYedder,5,22,5,32
catinthehat,4,9,19,32
Excelia,4,6,22,32
Tsukuyo,4,20,8,32
우이동,4,14,14,32
ChapmanUK,0,25,7,32
Satellite,0,18,14,32
Tyranus,0,14,18,32
FrKaKTyCmst,21,5,5,31
Jojosebb,20,4,7,31
BGIOU,18,7,6,31
Morrison,17,6,8,31
DouAhou,14,8,9,31
skliks,13,0,18,31
WonszRzeczny,13,11,7,31
ChiefBeef,12,10,9,31
DWU,12,19,0,31
DrGyros,9,16,6,31
JEJBenkoJEA,9,4,18,31
robbodog,9,12,10,31
Spikini,9,8,14,31
Talion,9,12,10,31
Daisr,7,14,10,31
TankWheels,7,11,13,31
pastaS,6,11,14,31
Thwart,6,0,25,31
쌀쌀맞은쌀,6,13,12,31
Marss,5,12,14,31
Überninja,4,13,14,31
yokopomayoko,0,19,12,31
TeamAmerica,0,18,13,31
pilou,0,14,17,31
Ginky,0,10,21,31
ElMaestro,0,7,24,31
즐디,0,6,25,31
MJM,0,0,31,31
EnterKey,23,7,0,30
myao,23,7,0,30
MeatUshijima,21,9,0,30
OldBoy,21,9,0,30
GhostASA,18,4,8,30
Powernjal,17,7,6,30
Alkaiser,12,12,6,30
Earth,12,4,14,30
齊力斷金,12,12,6,30
anne,10,13,7,30
Ouate,10,6,14,30
DDMan,9,16,5,30
den,9,6,15,30
Haymak3r,9,10,11,30
kiryu,9,4,17,30
PenhaDani,9,21,0,30
Ran,9,7,14,30
Bocumix,8,8,14,30
Mimring,8,8,14,30
Noxus,8,14,8,30
るーと,8,5,17,30
Coookiemonst,7,8,15,30
CSRuchi,7,9,14,30
wojekxd,7,14,9,30
슬퍼하지마노노노,7,4,19,30
かつどん,6,10,14,30
대리는현지팀,6,12,12,30
Amaso,5,8,17,30
Itzvan,5,10,15,30
Rpbalance,5,11,14,30
Grantz,4,10,16,30
KRACUBO,4,6,20,30
歐歐,4,8,18,30
kou,0,22,8,30
YYJ,0,21,9,30
ShaDow,0,16,14,30
Feeling,0,14,16,30
rororollll,0,14,16,30
인생의걸림돌겜,0,14,16,30
FullmetalD,0,9,21,30
SmokedSalmon,0,0,30,30
ClothesTaKu,29,0,0,29
Siki,29,0,0,29
alexnoehr,15,8,6,29
Kolbein,15,7,7,29
GroSSo,13,7,9,29
lightburn,13,0,16,29
YouKnowWP,13,16,0,29
OMjuwax,11,10,8,29
Bloodlips,9,9,11,29
LOL,9,10,10,29
你這垃圾,9,6,14,29
AgentW,8,16,5,29
Dvck,8,16,5,29
Galaxy,8,5,16,29
Nitrogun,8,14,7,29
我家住在富岡,8,7,14,29
Moon,7,0,22,29
doyahhoi,6,23,0,29
Butterz,5,8,16,29
Nickolias,5,14,10,29
Ganera,4,12,13,29
ggarbi,4,11,14,29
Jericho512,4,8,17,29
nickysicky,4,11,14,29
RangoB,4,8,17,29
Seniorheld,4,0,25,29
ひがし,4,8,17,29
mistrzwujo,0,22,7,29
라크,0,22,7,29
abc,0,19,10,29
Memory,0,13,16,29
Naiklas,0,12,17,29
Albertus,0,10,19,29
Offerrall,0,7,22,29
Sotrosca,0,6,23,29
TIMONSC,0,4,25,29
Kaperson,0,0,29,29
OCROPOID,0,0,29,29
hikage7,22,6,0,28
kamlak222,19,9,0,28
Luker,14,7,7,28
Arawn,13,8,7,28
Blankieh,9,7,12,28
glyttoN,9,7,12,28
KoMaToZ,9,7,12,28
Eason,7,9,12,28
Tyrant,7,9,12,28
odin,5,7,16,28
alex14,4,11,13,28
Alpha,4,8,16,28
ジョン,4,7,17,28
Pardub,0,20,8,28
Chumin,0,14,14,28
KillerHero,0,14,14,28
NikosFas,0,12,16,28
Tnn12,0,12,16,28
奪命澐,0,8,20,28
GamerRvg,0,6,22,28
청포도봉봉,0,5,23,28
Chosen,0,0,28,28
WhoBlie,0,0,28,28
Pavean,27,0,0,27
Deckizz,22,0,5,27
Chalk,18,9,0,27
喜歡一個人,18,9,0,27
MorGalad,14,7,6,27
imbir,13,14,0,27
SoloTu,12,6,9,27
Vorder,12,9,6,27
DjGOz,9,4,14,27
Shadow,9,12,6,27
thedude,9,4,14,27
함덕바당,9,0,18,27
JackPoT,8,12,7,27
DavidSWu,7,6,14,27
Dragodz,7,8,12,27
Vmasafumi,7,6,14,27
ДикийЗверь,7,8,12,27
Cynosure,6,9,12,27
magicgeek,6,7,14,27
pat1990,6,9,12,27
Patryn,6,14,7,27
Draz,5,14,8,27
Fwan,5,10,12,27
intrigue,4,23,0,27
LeandroLeal,4,11,12,27
TaSa,4,18,5,27
이성한,4,11,12,27
愛德華嘎,4,4,19,27
Fox,0,21,6,27
AmazingDM,0,17,10,27
Guntofire,0,17,10,27
maneti,0,16,11,27
Pawel,0,15,12,27
Tony,0,15,12,27
Nightning,0,8,19,27
我的大鵬鳥,0,7,20,27
Ryan223437,0,6,21,27
matuunn,0,0,27,27
Teban,0,0,27,27
兄弟象68,26,0,0,26
garifar,22,4,0,26
mattun,22,4,0,26
rookie,22,4,0,26
riyuu,21,5,0,26
最終兵器,21,5,0,26
Tuan,20,6,0,26
しゃな,15,11,0,26
icer,14,4,8,26
魯蛇,14,12,0,26
SpiderMonkey,13,6,7,26
Arreador,12,7,7,26
GuailboySan,12,6,8,26
IlLaido,12,7,7,26
StrikeReaper,12,7,7,26
Azuma,11,5,10,26
FranGalindo,11,5,10,26
oliech,11,4,11,26
uya,10,7,9,26
Daimonfrey,9,17,0,26
KremePuff,9,7,10,26
anothersy,8,11,7,26
ImSorry,8,9,9,26
lalasong,8,18,0,26
Lappyzard,8,10,8,26
Vespasian,8,18,0,26
Infinax,7,12,7,26
inpTAISA,7,7,12,26
L3GENDARY,7,14,5,26
Rks,7,7,12,26
yohden,7,11,8,26
ДИКАРЬ,7,9,10,26
hiragi,6,14,6,26
MidLight,6,8,12,26
Hazel,5,11,10,26
Jalexander,5,12,9,26
SyuSyu,5,16,5,26
Skambo,4,8,14,26
우리동네따악대장,4,14,8,26
Roucarnage,0,26,0,26
HoN,0,20,6,26
운좋은바지,0,18,8,26
호르몬,0,17,9,26
Affie,0,14,12,26
fkrhswers,0,14,12,26
Insurrection,0,14,12,26
PoweR,0,14,12,26
BBAEK,0,9,17,26
livevil,25,0,0,25
MatTheGreat,18,7,0,25
Woven,17,8,0,25
CaraCute,14,11,0,25
Zetalot,14,6,5,25
TangZ,12,5,8,25
Noflame,11,4,10,25
younTheory,11,14,0,25
Hammerfeet,10,4,11,25
CardenalGab,9,16,0,25
MokraniChile,9,9,7,25
survi,9,4,12,25
Bernling,8,7,10,25
katagami,8,10,7,25
kawing,8,7,10,25
TeZcat,8,5,12,25
DarthNihilus,7,4,14,25
Fluffy,7,12,6,25
Indianguy,7,18,0,25
kakapo,7,8,10,25
kosta,7,8,10,25
Razzly,7,18,0,25
XxFroBro45xX,7,8,10,25
zeal123,7,13,5,25
とみー,7,12,6,25
동전영능,7,6,12,25
緋瑛,7,7,11,25
barret,6,5,14,25
Khal,6,12,7,25
rogerclee,6,10,9,25
anduriel,5,15,5,25
HuRu,5,11,9,25
neotony,5,12,8,25
マッチョ,5,5,15,25
bobbybigtoe,4,8,13,25
Enmei,4,0,21,25
lowkey,4,4,17,25
xavierrocket,4,11,10,25
Kurthnaga,0,19,6,25
NafBen,0,18,7,25
Gilgun,0,14,11,25
Reliquary,0,13,12,25
BressD,0,11,14,25
jason,0,6,19,25
삼겹살,0,6,19,25
Arrowy,0,0,25,25
Mina,0,0,25,25
Gladen99,24,0,0,24
SpinaLogaMan,20,4,0,24
benyasu,19,5,0,24
Senfglas,19,5,0,24
haku17,17,7,0,24
またただいま,17,7,0,24
Hiken,16,8,0,24
SSOZI,14,10,0,24
Valdaboy,14,10,0,24
edanco,12,4,8,24
edmvyrus,12,5,7,24
Logan,12,5,7,24
Nights,12,12,0,24
Obito,12,12,0,24
peerry,12,6,6,24
Paraksizm,11,13,0,24
Madsheep,10,6,8,24
Naiman,10,14,0,24
プラス,10,6,8,24
dxppla,9,6,9,24
Flasch,9,9,6,24
ajmer,8,9,7,24
seven,8,4,12,24
Slash,8,8,8,24
TreeBagger,8,4,12,24
Азазель,8,6,10,24
たかやん,8,5,11,24
Murillo,7,5,12,24
Rhuss,7,8,9,24
Aimar13,6,8,10,24
Gann,6,10,8,24
nexok40,6,4,14,24
SeppiaCelata,6,5,13,24
WildWolf,6,10,8,24
Zephyr,6,9,9,24
Buzzz,5,12,7,24
springy,5,0,19,24
Tlenn,5,5,14,24
Verg,5,11,8,24
Akakuro,4,10,10,24
Akira,4,10,10,24
Batman,4,4,16,24
Signal,4,8,12,24
Sopamaa,4,9,11,24
TmwKOxyd,4,11,9,24
yohane,4,4,16,24
정령왕,4,15,5,24
Doubtless,0,24,0,24
Ryuw,0,24,0,24
御影殘風,0,19,5,24
Badonkadonk,0,14,10,24
FudoV,0,14,10,24
IceWizard,0,14,10,24
iustitia,0,14,10,24
Naobool,0,14,10,24
Neobility,0,14,10,24
Cathalifaud,0,12,12,24
Juancho,0,9,15,24
LeonLum,0,8,16,24
남궁찬헌,0,8,16,24
Floki,0,4,20,24
Dethelor,19,4,0,23
Heki,18,0,5,23
Alcoholic,18,5,0,23
JumpyWizard,16,7,0,23
비슷,16,0,7,23
Cocon,15,8,0,23
DarK,14,9,0,23
Teebs,14,9,0,23
DarkShadow,13,4,6,23
Adriano,12,11,0,23
BestUdyrEu,12,6,5,23
takuchan,12,5,6,23
zataro,12,0,11,23
조수봉,12,4,7,23
Dabs,11,12,0,23
elApache,11,12,0,23
SkepasG,11,12,0,23
살아있는양심,11,0,12,23
Soohyun,10,13,0,23
Maximptz,9,8,6,23
MoleGamez,9,6,8,23
pogoman,9,14,0,23
Sid,9,14,0,23
Solmyr,9,14,0,23
ThisisLAYMS,9,14,0,23
여울,9,0,14,23
Puksin,8,6,9,23
AFDsimple,7,4,12,23
Amam15,7,4,12,23
Brutal58,7,0,16,23
dealwithit,7,4,12,23
k3nny,7,16,0,23
lostov,7,9,7,23
Shodda,7,6,10,23
エト,7,4,12,23
花澤香菜,7,4,12,23
BigBlackDeck,6,9,8,23
Hermes,6,11,6,23
Insania,6,10,7,23
Kampffrosch,6,12,5,23
Matixo,6,8,9,23
first,5,13,5,23
guard1019,5,0,18,23
Nuko,5,18,0,23
Bushsr,4,7,12,23
Deathspitter,4,11,8,23
Jackpo,4,8,11,23
Phrixius,4,11,8,23
troi,4,8,11,23
アァァァ,4,14,5,23
김철진,0,17,6,23
wing,0,16,7,23
tomof,0,12,11,23
Hen,0,11,12,23
Innate,0,11,12,23
DragonAlbert,0,7,16,23
stevistoned,0,7,16,23
DankMemes,0,6,17,23
갓유댕,0,6,17,23
Osnildo,0,4,19,23
딜러골드면한조함,0,0,23,23
Poolmaster,22,0,0,22
Rarara,22,0,0,22
usamidnight,22,0,0,22
Влажныйпупок,22,0,0,22
龜毛老頭,22,0,0,22
DaunJang,17,5,0,22
Insane,17,0,5,22
Dream,16,6,0,22
KrustyKrab,15,7,0,22
Botticus,14,8,0,22
Brewski,14,8,0,22
banata,13,9,0,22
laasque,13,9,0,22
Grant,12,10,0,22
luminescents,12,4,6,22
LegolaS,11,11,0,22
Yusik,11,11,0,22
adultgiraffe,10,12,0,22
BibleThump,10,7,5,22
Stevodanger,10,0,12,22
微醺騎士,10,12,0,22
edux1690,9,13,0,22
데쓰휴망,9,8,5,22
iamChapsgg,8,7,7,22
Pblcb,8,14,0,22
Resonans,8,14,0,22
AgentHS,7,5,10,22
Picouze,7,6,9,22
UNLUCKY,7,9,6,22
WixvoL,7,8,7,22
자물쇠와열쇠,7,9,6,22
Cthulukitty,6,6,10,22
Evangelion,6,7,9,22
Gogo,6,5,11,22
Innovation,6,10,6,22
Ortapepe,6,8,8,22
ssapo,6,9,7,22
yochen,6,7,9,22
シャケおに,6,9,7,22
紅杉,6,7,9,22
Bubbachuck,5,6,11,22
Kk2ei,5,12,5,22
カネル,5,5,12,22
新莊唐禹哲,5,6,11,22
Destroyer,4,18,0,22
Stander,4,9,9,22
youhit,4,0,18,22
Yukazo,4,6,12,22
フージ・ワラ,4,7,11,22
Justice,0,22,0,22
Enoch,0,14,8,22
HKroms,0,14,8,22
BlaZZej0S,0,12,10,22
Derivus,0,12,10,22
docility,0,12,10,22
Kitava,0,11,11,22
maruth24,0,11,11,22
지니어스,0,11,11,22
넙치사냥꾼,0,10,12,22
夏娜109,0,10,12,22
Fen,0,8,14,22
Stanley,0,8,14,22
我是神閉嘴,0,8,14,22
JDart,0,7,15,22
Malakadiez,0,6,16,22
OxygenWhite,0,6,16,22
xDouGx,0,6,16,22
Пингвинчик,0,6,16,22
Impyyyyy,0,4,18,22
Anatkh,0,0,22,22
Swordmaster,0,0,22,22
麻煩,0,0,22,22
LapisDahlia,21,0,0,21
MrCogito,21,0,0,21
PaulVillepou,16,0,5,21
Dyer,15,6,0,21
human,15,6,0,21
rubik,15,6,0,21
ぼたもち,15,6,0,21
BowserRoar,14,7,0,21
JimmyGod,14,7,0,21
Bao,12,9,0,21
자바,12,9,0,21
SkaiWalkurrr,11,10,0,21
AleksandarNS,10,11,0,21
Fratzu,10,5,6,21
SakuraMirage,10,11,0,21
Artefy,9,7,5,21
Chachaboizz,9,12,0,21
iamThanh,9,6,6,21
KingOfType89,9,12,0,21
SnarkyGoblin,9,12,0,21
Archangel,8,13,0,21
HKAHarry,8,5,8,21
jakup26,8,6,7,21
Narutema,8,13,0,21
sasag,8,4,9,21
Arielus,7,14,0,21
Balintman,7,7,7,21
DarkMagician,7,6,8,21
kei,7,7,7,21
PDA,7,6,8,21
김창빻,7,14,0,21
EcoFlow,6,10,5,21
gunzerker,6,8,7,21
Jee,6,4,11,21
Krystal,6,7,8,21
LEBED,6,7,8,21
Samsa,6,5,10,21
ArchiThoRi,5,4,12,21
Broshy,5,6,10,21
Crumble,5,9,7,21
DoublePeace,5,8,8,21
OEO49OEO,5,9,7,21
OldSchool,5,8,8,21
Saraad,5,9,7,21
saucisson,5,0,16,21
supana1114,5,9,7,21
YuNicorn,5,8,8,21
AngeLiX,4,10,7,21
Elkunnn,4,11,6,21
GAZUAT,4,12,5,21
IAmTheTable,4,9,8,21
Leonidas,4,11,6,21
Ninja,4,6,11,21
TiltRrantes,4,12,5,21
WallSpiders,4,7,10,21
무민킹갓하마,4,6,11,21
새치,4,8,9,21
Humlepung,0,15,6,21
GreekLover,0,14,7,21
k1ngkong,0,14,7,21
SelJo,0,14,7,21
Fish,0,12,9,21
Lmac77,0,11,10,21
모닥모닥모닥불,0,11,10,21
tnraAy,0,10,11,21
Nico2108,0,9,12,21
Perseus42,0,9,12,21
Destructor13,0,7,14,21
ElectricSix,0,7,14,21
Robnhoney,0,6,15,21
DDoBaGi,0,4,17,21
Flafy,0,4,17,21
Jokersim,0,4,17,21
ChatonBrutal,0,0,21,21
DTolm,0,0,21,21
NoHandsGamer,0,0,21,21
blaunelq,20,0,0,20
Eloise,20,0,0,20
ennui,20,0,0,20
Equester,20,0,0,20
Jako1910,20,0,0,20
Kalashnik,20,0,0,20
Leoric,20,0,0,20
Romeus,20,0,0,20
Snowdrop,20,0,0,20
tsibou,20,0,0,20
berserkci,16,4,0,20
J4CKIECHAN,14,0,6,20
Fame,13,7,0,20
KanyeBest,12,8,0,20
Peiker92,12,8,0,20
shanOz,12,8,0,20
Stitch,12,0,8,20
ego,11,9,0,20
Pymbette,11,9,0,20
Rolighed,11,0,9,20
DiegoDias,10,10,0,20
Destierro,10,10,0,20
nithrion,10,10,0,20
xBlaine,10,10,0,20
執念の蒼汁,10,10,0,20
agazohr,9,11,0,20
Rellow,9,11,0,20
Wolcat,9,11,0,20
xprot,9,4,7,20
aleksialeksi,8,12,0,20
TFK,8,12,0,20
tmn,8,7,5,20
패륜왕아서스,8,6,6,20
EzXarT,7,4,9,20
Henry,7,7,6,20
kikey,7,6,7,20
stathisv13,7,6,7,20
superchoco,7,13,0,20
Arkaico,6,6,8,20
Cursed,6,7,7,20
esthevensllc,6,7,7,20
seba,6,9,5,20
twobird,6,4,10,20
짙은핑크,6,0,14,20
텍사스청정막걸리,6,6,8,20
gleipnir,5,8,7,20
Joker,5,6,9,20
NaRae,5,10,5,20
Panda,5,0,15,20
tripp,5,10,5,20
Alucard,4,10,6,20
ArkhamKnight,4,16,0,20
Clark,4,16,0,20
Illu,4,7,9,20
MayorMpely,4,0,16,20
Pauldlg,4,16,0,20
Pilux,4,8,8,20
Yin,4,0,16,20
운명,4,16,0,20
우체국제비,4,8,8,20
惠惠我婆,4,16,0,20
DonnyDrake,0,20,0,20
nobboy,0,20,0,20
Sidi,0,20,0,20
Sneakyche,0,20,0,20
BlackSword,0,14,6,20
문흥동하스귀신,0,14,6,20
씨와제,0,14,6,20
Karsa,0,12,8,20
maramara,0,12,8,20
구리역,0,12,8,20
Dimon1shot,0,11,9,20
midolStar09,0,10,10,20
PhatLH,0,10,10,20
Maon,0,9,11,20
Revenant,0,9,11,20
Dreivo,0,8,12,20
Joe,0,7,13,20
hayato,0,6,14,20
SunAssault,0,6,14,20
구맨,0,6,14,20
AVZ075,0,4,16,20
Donno,0,4,16,20
KNMDIVA,0,4,16,20
很星爆你知道嗎,0,4,16,20
紋魚線,0,4,16,20
pavloshunter,0,0,20,20
Treserget,0,0,20,20
camel,19,0,0,19
SudaKa,19,0,0,19
СреброЯстреб,19,0,0,19
숨징어,19,0,0,19
Danswf,14,5,0,19
spookyboy,14,5,0,19
Tastatur,14,0,5,19
Yaraki,14,5,0,19
zaki,13,6,0,19
Grayj,12,7,0,19
tekkex,12,0,7,19
Geometer,11,8,0,19
Songhyun,11,0,8,19
Damjan,10,4,5,19
Dennis,10,4,5,19
nonpafos,10,9,0,19
rask,10,9,0,19
Sneaky,10,9,0,19
ChiakiNanami,9,0,10,19
itsukivr6,9,4,6,19
kuro,9,0,10,19
Unintended,9,10,0,19
ShinyPants,8,11,0,19
러브앤피스,8,6,5,19
三義嘉哥,8,11,0,19
Bavaro,7,12,0,19
Cantelope,7,4,8,19
Deathwing,7,12,0,19
dielange123,7,0,12,19
Goppy,7,4,8,19
hirototree,7,4,8,19
kawa,7,0,12,19
kingganon,7,4,8,19
Phil,7,6,6,19
CmaccompH,6,6,7,19
LordGhost,6,13,0,19
ちゃんこ,6,7,6,19
행보관,6,6,7,19
Arcanis,5,8,6,19
BoonnooB,5,0,14,19
dropdead,5,8,6,19
FeRuRa,5,7,7,19
Merlin,5,6,8,19
Metil,5,4,10,19
mistertop,5,6,8,19
TeV,5,0,14,19
TH3G3NTL3M4N,5,6,8,19
林柏佑,5,7,7,19
超級比利狗,5,14,0,19
AyRoK,4,8,7,19
Godboki,4,8,7,19
Kaiser,4,6,9,19
Pelletire,4,0,15,19
Rhexx,4,6,9,19
Stiebo,4,8,7,19
Tomram,4,7,8,19
돌창,4,15,0,19
이카드잼,4,4,11,19
한정우,4,0,15,19
wabeka,0,19,0,19
TheBest,0,14,5,19
KimYuna,0,12,7,19
sajmonak,0,12,7,19
AKPsynix,0,11,8,19
neku,0,10,9,19
Perfects,0,10,9,19
eMar,0,9,10,19
Sfouggarakis,0,9,10,19
빠라라경,0,9,10,19
deadwood,0,8,11,19
ベロニカ,0,8,11,19
BstsEatPrsts,0,7,12,19
FürdieAllia,0,7,12,19
joseluis77,0,7,12,19
단맛체리사탕,0,7,12,19
BoomMD,0,5,14,19
FlècheNoire,0,5,14,19
Irony,0,5,14,19
AfterForever,0,0,19,19
Collinna,0,0,19,19
Lise,0,0,19,19
RocketSpoon,0,0,19,19
Sleesh,18,0,0,18
Furano,13,5,0,18
tuttu,13,0,5,18
Fire,12,0,6,18
offuca,12,6,0,18
Paizon,12,6,0,18
YAYtears,12,6,0,18
Atome,11,7,0,18
nadavt,11,7,0,18
Noriman,11,7,0,18
FondueCN,9,9,0,18
GDimitri,9,4,5,18
Léthal,9,0,9,18
MrDarius,9,9,0,18
sheryl,9,9,0,18
Torlk,9,9,0,18
Usedpapercup,9,9,0,18
Pend,8,10,0,18
Red,8,10,0,18
rrrrrrrrrrrr,8,0,10,18
Cerberus07,7,11,0,18
eko,7,11,0,18
HIRO,7,6,5,18
hukuji2,7,6,5,18
ONLYST4r,7,5,6,18
Vlčák77,7,6,5,18
wilfully,7,0,11,18
МастерЙодаЙя,7,4,7,18
조사모삼,7,5,6,18
翔翼天,7,11,0,18
akashi,6,7,5,18
AntiHype,6,6,6,18
Casyo,6,6,6,18
Chrissy,6,5,7,18
henyori,6,7,5,18
Johnnybambou,6,6,6,18
Splendor,6,4,8,18
SpeedyRogue,6,0,12,18
別拍照我怕羞,6,6,6,18
Raigar,5,5,8,18
총알먹고배탈남,5,13,0,18
滌水,5,6,7,18
Alb987,4,14,0,18
Cophy,4,6,8,18
corbett,4,4,10,18
Cuco,4,9,5,18
GerryS,4,14,0,18
Gjrstad,4,8,6,18
hong60229,4,7,7,18
Irae,4,8,6,18
Jimboslice,4,6,8,18
JRV,4,14,0,18
kuosito,4,4,10,18
muhi,4,6,8,18
Pablo,4,5,9,18
snow,4,5,9,18
sunsuns,4,4,10,18
TiuTangClan,4,8,6,18
이관섭,4,6,8,18
吉榭爾,4,6,8,18
李ゃう,4,7,7,18
澳門首家線上賭場,4,7,7,18
Bloody,0,18,0,18
彌天寒星,0,18,0,18
ChangeSpeed,0,12,6,18
Danicanseco,0,12,6,18
shibahu24zzz,0,12,6,18
킁킁이,0,12,6,18
Mephisto,0,11,7,18
MyoSu,0,10,8,18
peter1004306,0,10,8,18
연두부,0,10,8,18
Evilwithin,0,9,9,18
SzczwanyDaro,0,9,9,18
Mazsii,0,8,10,18
Mit,0,8,10,18
soilamb,0,8,10,18
LoNa,0,6,12,18
Sidsilence,0,6,12,18
wassy,0,6,12,18
川底の鰍,0,6,12,18
Epos,0,5,13,18
Rane,0,5,13,18
countfuneral,0,4,14,18
MoroneJ,0,4,14,18
SAVAGE,0,4,14,18
ta787,0,4,14,18
TheMarine,0,4,14,18
브베,0,4,14,18
GG66,0,0,18,18
on9yc,0,0,18,18
隽永不要,0,0,18,18
Cocoa,17,0,0,17
Fleur2B,17,0,0,17
prayforyou,17,0,0,17
佛卡撐,17,0,0,17
신현스,13,4,0,17
SkyWalker,12,5,0,17
あくてぃーぬ,12,5,0,17
ChopperTony,11,6,0,17
gucchon,11,0,6,17
Skyers,11,6,0,17
x420Blaziken,11,6,0,17
Zeggath,11,6,0,17
統粉大將軍,11,6,0,17
HeroNextDoor,10,7,0,17
JobDone,9,0,8,17
Pathra,9,8,0,17
NewMeta,8,9,0,17
익산,8,9,0,17
Altrach,7,10,0,17
Jacky,7,5,5,17
Kastor,7,10,0,17
Love,7,10,0,17
Runetail,7,0,10,17
宏程,7,4,6,17
alucard,6,6,5,17
andre,6,11,0,17
Ch0pP33r,6,11,0,17
Demógenes,6,5,6,17
osuttyo,6,11,0,17
sailio,6,4,7,17
Teemonocute,6,5,6,17
알수없음,6,5,6,17
Airball,5,12,0,17
BlackFire,5,6,6,17
bongja,5,5,7,17
dionysus,5,7,5,17
MrBadr20,5,7,5,17
Snirk,5,0,12,17
ふぃーゆ,5,6,6,17
下下你,5,12,0,17
Chatthon,4,6,7,17
DeadUndead,4,8,5,17
Elmo,4,4,9,17
fobolider,4,7,6,17
Laurentech,4,6,7,17
Mehradba,4,4,9,17
Nightgarden,4,6,7,17
SoraAoi,4,4,9,17
Stormbolt,4,8,5,17
ZFCrow,4,7,6,17
폭팔펀치,4,7,6,17
DevilGhost,0,17,0,17
FirstChance,0,17,0,17
fririn,0,17,0,17
Kaps,0,17,0,17
NeedU,0,17,0,17
Nesben,0,17,0,17
ReongW,0,17,0,17
SleepLord,0,17,0,17
SlemLikeBOC,0,17,0,17
微醺盜賊,0,17,0,17
MrTen,0,12,5,17
Bartve,0,11,6,17
Crayon10,0,11,6,17
dinoapollo,0,11,6,17
GRETOZA,0,11,6,17
jjang,0,11,6,17
JJBOSS,0,11,6,17
Minival,0,11,6,17
iRekia,0,10,7,17
IWIN,0,10,7,17
Leviathan,0,10,7,17
Mordekaiser,0,10,7,17
골든레트리버,0,10,7,17
ALLGAMEPROF,0,9,8,17
batupaksoy,0,9,8,17
Hazarder,0,9,8,17
PRTHNCA,0,9,8,17
Timper,0,9,8,17
乂0魂0乂,0,9,8,17
idiotoutside,0,8,9,17
Longknife,0,8,9,17
PTTMuting,0,8,9,17
Tree,0,8,9,17
BigWig,0,7,10,17
muffins,0,7,10,17
Respawned,0,7,10,17
Tempest,0,7,10,17
あきぃ,0,7,10,17
Dodopg,0,6,11,17
focer,0,6,11,17
LokJai,0,5,12,17
잡초,0,5,12,17
첼시의토레스,0,5,12,17
KevinShih,0,4,13,17
anargiris,0,0,17,17
Foxmen,0,0,17,17
kogam,0,0,17,17
LuckyDice99,0,0,17,17
Paljuha,0,0,17,17
shuzoDS,0,0,17,17
sicosis,0,0,17,17
알비노생쥐,0,0,17,17
alar01156,16,0,0,16
Izzy,16,0,0,16
MJKing,16,0,0,16
Vyy,16,0,0,16
Ace,12,4,0,16
angeloshaggy,12,4,0,16
Caleb,12,4,0,16
Kevineter,12,4,0,16
Orion,12,4,0,16
도레미파,12,4,0,16
BigY,10,6,0,16
Fujitora,10,6,0,16
Matroid,10,6,0,16
Noctis,10,6,0,16
PapaSmurf,10,6,0,16
XOST,10,6,0,16
Thavo,10,6,0,16
TTF,10,0,6,16
Zapgaze,10,6,0,16
尊天天,10,0,6,16
Bastossavoie,9,7,0,16
forward,9,7,0,16
leadpaint,9,0,7,16
limonadik,9,7,0,16
Nightblue,9,7,0,16
Pegasos,9,0,7,16
PuyolLegend,9,7,0,16
RAW831,9,0,7,16
Tomura,9,7,0,16
Venom,9,7,0,16
じぇにー,9,7,0,16
AsTu,8,8,0,16
glibgizzard,8,8,0,16
Joth703,8,0,8,16
kamikpro,8,0,8,16
Orkanis,8,8,0,16
oVeL,8,8,0,16
RIxFIGHT,8,0,8,16
Sandwich,8,8,0,16
Stounay,8,8,0,16
tokigatisdag,8,8,0,16
UCCU,8,8,0,16
urana,8,8,0,16
히로리,8,8,0,16
Dib,7,9,0,16
DoubleAgent,7,4,5,16
noway,7,4,5,16
PewQ,7,9,0,16
SJL,7,0,9,16
Thumai,7,9,0,16
TrippleCore,7,9,0,16
wtybill,7,4,5,16
Bajna,6,0,10,16
jentar0,6,10,0,16
MaxCoffee,6,4,6,16
MrZeRozZ,6,0,10,16
Simply2sly,6,10,0,16
Tempo,6,10,0,16
KimJongDrac,5,11,0,16
Noirwood,5,4,7,16
Tyraniah,5,4,7,16
wiRer,5,4,7,16
ArtOfwaR,4,0,12,16
Celeritas,4,7,5,16
duk9r,4,0,12,16
HashTag,4,5,7,16
iDontKnow,4,12,0,16
Kira,4,4,8,16
NEX4TE,4,7,5,16
Ohdollar,4,7,5,16
plastiik,4,12,0,16
Prodigy,4,12,0,16
Risoh,4,12,0,16
Sevant,4,6,6,16
Vychang07,4,6,6,16
AkibaTECH,0,16,0,16
Lakerfan,0,16,0,16
Licile,0,16,0,16
PsychoDrunk,0,16,0,16
Qualia,0,16,0,16
MarkVII,0,11,5,16
Mugibaby,0,11,5,16
Shazzrah,0,11,5,16
Meteorites,0,10,6,16
leftonedead,0,9,7,16
MagicPants,0,9,7,16
ustyacmd,0,9,7,16
爐石爐石,0,9,7,16
aki25,0,8,8,16
benene,0,8,8,16
IIllIIllIIIl,0,8,8,16
JustinGO,0,8,8,16
Robshow,0,8,8,16
tanuki,0,8,8,16
Vargan,0,8,8,16
이걸정리하네,0,8,8,16
不夠賽就淘汰,0,8,8,16
countel,0,7,9,16
Duyyy,0,7,9,16
Farmacevt,0,7,9,16
Genesis,0,7,9,16
Janos,0,7,9,16
Mockingbird,0,7,9,16
Monkczester,0,7,9,16
Tudor,0,7,9,16
Xander,0,7,9,16
ЯсноеОко,0,7,9,16
Alkylone,0,6,10,16
Hindenburg,0,6,10,16
Savage,0,6,10,16
ChiefKeef,0,5,11,16
Crisemmaovi,0,5,11,16
Grimel,0,5,11,16
Quelqunx,0,5,11,16
Tai,0,5,11,16
HKJYAKahei,0,4,12,16
kashnopersky,0,4,12,16
WooJin,0,4,12,16
자라,0,4,12,16
jimborice22,0,0,16,16
Neruth,0,0,16,16
Piper,0,0,16,16
zenith,0,0,16,16
Fishyyy,15,0,0,15
Knuckels,15,0,0,15
Vimpto,15,0,0,15
ayylmao,11,4,0,15
EpicTroll4,11,4,0,15
Richwebz,11,4,0,15
Uraharai,11,4,0,15
BLUNTKIFFER,10,5,0,15
CARY,10,5,0,15
faNatic,10,5,0,15
gegebushou,10,5,0,15
Kuk5514,10,0,5,15
UGT251,10,0,5,15
Vandoom,10,5,0,15
hone,9,6,0,15
Serbio,9,6,0,15
Xandi,9,6,0,15
yonatan24z25,9,6,0,15
고오오오급망겜,9,6,0,15
남서울대데프콘,9,6,0,15
땅땅,9,6,0,15
사제,9,6,0,15
boshfred,8,7,0,15
Chewbaccawtf,8,7,0,15
EAZYWIN,8,7,0,15
garuncho,8,0,7,15
Polar,8,7,0,15
Wetchasit,8,0,7,15
爐石最後希望,8,0,7,15
bieberfever,7,8,0,15
dunine,7,8,0,15
Janick,7,0,8,15
LaughingLama,7,0,8,15
NAVIWilson,7,8,0,15
NikolasDLP,7,8,0,15
yojida,7,8,0,15
시간은멈춰,7,0,8,15
Darj,6,9,0,15
Firrlo,6,9,0,15
LuckyTiger,6,9,0,15
Offbeat,6,9,0,15
oOtOote,6,9,0,15
Togaia,6,9,0,15
一抽入魂,6,9,0,15
大濫郊野公園,6,9,0,15
此人會玩,6,9,0,15
Faith7,5,5,5,15
Gev,5,10,0,15
GhostVictor,5,10,0,15
Guillermo,5,0,10,15
jwells19,5,10,0,15
marcos150231,5,5,5,15
tianyi86,5,5,5,15
blacksnap,4,6,5,15
Choronzon,4,4,7,15
Chris4fun,4,4,7,15
haemil,4,6,5,15
hauj,4,0,11,15
ImLegendary,4,0,11,15
MrCH3COOH,4,11,0,15
NONOkiller,4,5,6,15
onekillercz,4,4,7,15
Revastran,4,6,5,15
RobotWizard,4,4,7,15
rudiano,4,11,0,15
TheChosenGuy,4,11,0,15
Trusted,4,11,0,15
Xont,4,6,5,15
銀風,4,5,6,15
chalaza,0,15,0,15
Facap,0,15,0,15
kamaretai,0,15,0,15
Player,0,15,0,15
scarface,0,15,0,15
Chitoge,0,10,5,15
FlamingSword,0,10,5,15
GabeLF,0,10,5,15
IonCannon,0,9,6,15
jAKobUTG,0,9,6,15
Myriadleaf,0,9,6,15
SevenC,0,9,6,15
StormFever,0,9,6,15
thEconomist,0,9,6,15
Weiste,0,9,6,15
安富帥,0,9,6,15
BachoKiko,0,8,7,15
Everton,0,8,7,15
Matt,0,8,7,15
rlflsrlfls,0,8,7,15
Tone,0,8,7,15
XslyX,0,8,7,15
AfeAmrit,0,7,8,15
Coreupted,0,7,8,15
harvest,0,7,8,15
Izzedevil,0,7,8,15
malahero,0,7,8,15
MrTomek1,0,7,8,15
SaucisseSwan,0,7,8,15
SubUss,0,7,8,15
CaptainEktar,0,6,9,15
CarloSHK,0,6,9,15
Diagoras,0,6,9,15
DiAsiat,0,6,9,15
Handerman,0,6,9,15
Jaemin,0,6,9,15
jupu,0,6,9,15
kanelsnurr,0,6,9,15
Kat,0,6,9,15
voEz,0,6,9,15
雷奧斯特,0,6,9,15
justice,0,5,10,15
Sinya,0,5,10,15
yuzuni,0,5,10,15
Banner,0,4,11,15
G4MED,0,4,11,15
PIONER,0,4,11,15
xSolozx,0,4,11,15
롱아,0,4,11,15
연세대학점킹,0,4,11,15
死亡之翼,0,4,11,15
Chad,0,0,15,15
Gyawa,0,0,15,15
Script,0,0,15,15
ShininGold,0,0,15,15
小茶,0,0,15,15
alexthegreat,14,0,0,14
Enterdable,14,0,0,14
hyd,14,0,0,14
morisu,14,0,0,14
Pr0d1gy,14,0,0,14
rasttsar,14,0,0,14
Trimmortal,14,0,0,14
WaipKhan,14,0,0,14
Xelo,14,0,0,14
Zethar,14,0,0,14
Duncan,10,4,0,14
Exo,10,4,0,14
IKYsekCZ,10,4,0,14
Thraun,10,4,0,14
Dant3,9,0,5,14
Elefanti123,9,0,5,14
Hell,9,5,0,14
Mani,9,0,5,14
Picsou,9,5,0,14
Zalgo,9,5,0,14
시온,9,5,0,14
McFarquhar,8,6,0,14
MikkelGoh,8,6,0,14
nuke,8,6,0,14
Pinpingho,8,6,0,14
PLUTO,8,0,6,14
Xtra,8,6,0,14
Alza,7,0,7,14
Amayahs,7,7,0,14
Arnegutten48,7,7,0,14
Atr,7,7,0,14
BlazinAzn,7,0,7,14
Cheqmate,7,7,0,14
DarkKnight,7,7,0,14
FrostyRock,7,7,0,14
Guiseitsme,7,0,7,14
Henny,7,7,0,14
iceberg,7,7,0,14
Majyqman,7,7,0,14
star,7,0,7,14
synteck,7,7,0,14
vbay03,7,7,0,14
冰與火,7,0,7,14
冰雪,7,7,0,14
真田皓呆,7,7,0,14
alexMM,6,8,0,14
Gerald,6,8,0,14
Gonu,6,8,0,14
Inf3rnow,6,0,8,14
kusunoki,6,8,0,14
macmacJP,6,8,0,14
Nonasis,6,8,0,14
onepunch,6,0,8,14
qwerty,6,8,0,14
Uriel,6,8,0,14
Wektor,6,8,0,14
Xawko,6,0,8,14
xKumei,6,8,0,14
身騎白馬,6,8,0,14
麒哥,6,8,0,14
Dimfrost,5,9,0,14
Evilgod,5,4,5,14
kolitas,5,4,5,14
michu2,5,0,9,14
RayQuaZa,5,0,9,14
Seth42,5,9,0,14
tary,5,9,0,14
ミフネ,5,4,5,14
마린,5,9,0,14
亞瑟,5,9,0,14
aldor,4,10,0,14
BrEnOr,4,10,0,14
CeXX,4,10,0,14
chloe,4,10,0,14
Comet,4,5,5,14
CrazyMage,4,4,6,14
Crazyy,4,4,6,14
danseb,4,10,0,14
Dimok,4,4,6,14
eeyan,4,4,6,14
EviLtxurman,4,5,5,14
GarkGus,4,0,10,14
Kangaskhan27,4,10,0,14
Mercedes,4,0,10,14
Neptune,4,10,0,14
Nightmare,4,4,6,14
PolitiKyo,4,10,0,14
reddec,4,4,6,14
Squirtle21,4,10,0,14
Tidal,4,4,6,14
VictoriousDN,4,0,10,14
Zero0,4,5,5,14
암명,4,10,0,14
전우정,4,4,6,14
Blackspace,0,14,0,14
crwnd,0,14,0,14
Ekop,0,14,0,14
Ex0d0,0,14,0,14
Freohr,0,14,0,14
Gottfried,0,14,0,14
Greg,0,14,0,14
haNtoN,0,14,0,14
jamd,0,14,0,14
PsychOut,0,14,0,14
sanpoko,0,14,0,14
Sci,0,14,0,14
Senba,0,14,0,14
Tenemo,0,14,0,14
WhitebeardHS,0,14,0,14
정희구현,0,14,0,14
FlyingLem0n,0,9,5,14
Nikzzzz,0,9,5,14
TalexPrime,0,9,5,14
TexPerkins,0,9,5,14
Warshavin,0,9,5,14
cheetahhh,0,8,6,14
Darroch,0,8,6,14
xen,0,8,6,14
つくね,0,8,6,14
돌맹이,0,8,6,14
뒷차,0,8,6,14
오메가,0,8,6,14
jyoruno,0,7,7,14
KaraokeHS,0,7,7,14
KissAndBang,0,7,7,14
moretz,0,7,7,14
ReFlex,0,7,7,14
vOiledegger,0,7,7,14
Bækken,0,6,8,14
donie,0,6,8,14
heiden,0,6,8,14
hibiki,0,6,8,14
JOaks45,0,6,8,14
KimiHaSpider,0,6,8,14
lefffka,0,6,8,14
pluto,0,6,8,14
urawareds,0,6,8,14
명치맨,0,6,8,14
燒了整座青山,0,6,8,14
瑋瑋叮,0,6,8,14
InquisitorM,0,5,9,14
Kap9,0,5,9,14
Scane,0,5,9,14
SonofWar,0,5,9,14
석원,0,5,9,14
爐石試玩者,0,5,9,14
Allen,0,4,10,14
charles,0,4,10,14
Dono,0,4,10,14
gunsmoke,0,4,10,14
huLk,0,4,10,14
Kite,0,4,10,14
resistE,0,4,10,14
TaylorSwift,0,4,10,14
Tolbooth,0,4,10,14
빵떡이,0,4,10,14
Bath,0,0,14,14
Benny,0,0,14,14
Bezoar,0,0,14,14
bizonww,0,0,14,14
Eltreck,0,0,14,14
Fujjang,0,0,14,14
Glofortos,0,0,14,14
Hokage,0,0,14,14
KimDota2,0,0,14,14
LegendAI,0,0,14,14
LiRuiFeng,0,0,14,14
Lorthos,0,0,14,14
mnpk,0,0,14,14
NethervoidES,0,0,14,14
omusubiyama,0,0,14,14
Paulo,0,0,14,14
Pitorak,0,0,14,14
Saint,0,0,14,14
senapoke,0,0,14,14
SilverR1,0,0,14,14
Skye,0,0,14,14
SUDAL,0,0,14,14
Supremacy,0,0,14,14
thestampede,0,0,14,14
Three,0,0,14,14
TTRR,0,0,14,14
군필여고생,0,0,14,14
세리오닌,0,0,14,14
은밀한청소부,0,0,14,14
조치,0,0,14,14
yoyomanhihi,0,0,14,14
action,13,0,0,13
HighROller,13,0,0,13
makio,13,0,0,13
Norberigrum,13,0,0,13
shishiodoshi,13,0,0,13
superlubo,13,0,0,13
ユウキ・テルミ,13,0,0,13
BlackFireIce,9,4,0,13
Castle,9,4,0,13
charman,9,4,0,13
Chikado,9,4,0,13
Dragenest,9,4,0,13
gen,9,4,0,13
lic,9,4,0,13
Tunak,9,4,0,13
강재,9,4,0,13
돌선생,9,4,0,13
只是路過,9,4,0,13
Preacher,8,5,0,13
timeway,8,0,5,13
UnlikelyHero,8,5,0,13
용이,8,0,5,13
非洲人的極限,8,5,0,13
bingyou,7,6,0,13
Ghrhhh,7,0,6,13
Lucasdmnasc,7,0,6,13
Lutero94,7,0,6,13
Magizmicka,7,6,0,13
MightyBanana,7,0,6,13
mockingjay,7,0,6,13
tibolt,7,0,6,13
YOzzz,7,6,0,13
장조림,7,6,0,13
伊藤園,7,6,0,13
西陵珩,7,6,0,13
Arrivider4i,6,0,7,13
Damz,6,7,0,13
Graves,6,7,0,13
LiveHigh,6,7,0,13
lke,6,7,0,13
Luinatar,6,7,0,13
Mindowner,6,7,0,13
Moosey,6,7,0,13
Ranke,6,0,7,13
SashaRain,6,7,0,13
sekatomar,6,7,0,13
Tineyo,6,7,0,13
ぽよみ,6,7,0,13
킹무성,6,7,0,13
諾娃,6,0,7,13
adelkzn,5,0,8,13
arc,5,0,8,13
Paladron,5,8,0,13
Paperninja,5,0,8,13
PartyPoller,5,0,8,13
Pidgeotto,5,0,8,13
SneakyTurtle,5,8,0,13
sofame,5,8,0,13
Zyune,5,0,8,13
지존미네짱,5,8,0,13
agata0128,4,4,5,13
Aymen,4,9,0,13
chewlen,4,4,5,13
DHUG,4,9,0,13
DTBonnie,4,9,0,13
Janschi,4,9,0,13
kackey,4,0,9,13
kanylee,4,9,0,13
kikorin,4,4,5,13
Kratos,4,0,9,13
NORE,4,4,5,13
Pozii,4,4,5,13
Ray,4,4,5,13
Shads,4,9,0,13
Shagura,4,9,0,13
Starlax,4,9,0,13
Sunnyqtx,4,4,5,13
YelloRambo,4,0,9,13
you11td,4,9,0,13
Lincoln,0,13,0,13
Madbutcher,0,13,0,13
Yishiki,0,13,0,13
부계키우는사람,0,13,0,13
철면수심,0,13,0,13
투야,0,13,0,13
alto,0,8,5,13
Andrinay,0,8,5,13
Avengers,0,8,5,13
Infamous,0,8,5,13
JUNK,0,8,5,13
MiLkAT,0,8,5,13
PHONETAP,0,8,5,13
RamzanPWNZ,0,8,5,13
뀨뀨,0,8,5,13
Alkharim,0,7,6,13
doudou29,0,7,6,13
Mirage88,0,7,6,13
Niizuma,0,7,6,13
Runaways13,0,7,6,13
Sacrament,0,7,6,13
Shappa,0,7,6,13
Simplez,0,7,6,13
SpaceCreated,0,7,6,13
오빠차,0,7,6,13
學姐的花內褲,0,7,6,13
清秋皓月,0,7,6,13
AggroIsHard,0,6,7,13
algis1,0,6,7,13
Archer,0,6,7,13
Aurora,0,6,7,13
Dan,0,6,7,13
denker,0,6,7,13
Dinocchio,0,6,7,13
KingOscarV,0,6,7,13
Master,0,6,7,13
MrClowny,0,6,7,13
NoPain,0,6,7,13
philosophian,0,6,7,13
Ubiquitous,0,6,7,13
Untouchable,0,6,7,13
ZinniZ,0,6,7,13
ベーコン,0,6,7,13
butfriend,0,5,8,13
Mansion,0,5,8,13
Oso7,0,5,8,13
RalA,0,5,8,13
rebobson,0,5,8,13
StrayCat,0,5,8,13
ynmJaden,0,5,8,13
七節睡三節,0,5,8,13
戀愛歐普拉斯,0,5,8,13
count255,0,4,9,13
Grenelle,0,4,9,13
hanniballz2,0,4,9,13
INDIGO,0,4,9,13
Inventor,0,4,9,13
JTizzle,0,4,9,13
KoyaKeizai,0,4,9,13
LiamMega,0,4,9,13
Matdoc,0,4,9,13
PenguiNaru,0,4,9,13
qbasic,0,4,9,13
rost7,0,4,9,13
viopalestis,0,4,9,13
케케키키,0,4,9,13
ChrisLeBlanc,0,0,13,13
daishi,0,0,13,13
DeathWish,0,0,13,13
Furfrou,0,0,13,13
JakePhinney,0,0,13,13
kks2049,0,0,13,13
Lagrange,0,0,13,13
MaineCoon,0,0,13,13
Waterrupt,0,0,13,13
Yess,0,0,13,13
ZAM,0,0,13,13
뚝딱이는까까좋아,0,0,13,13
Aaron,12,0,0,12
Andreasv13,12,0,0,12
Aresk,12,0,0,12
ckl,12,0,0,12
DeliZ,12,0,0,12
dwims1st,12,0,0,12
ForeverYi,12,0,0,12
MorgaMagnum,12,0,0,12
Nameless,12,0,0,12
Neilyo,12,0,0,12
Nxek,12,0,0,12
RageSquad,12,0,0,12
samzorz,12,0,0,12
Shyreks,12,0,0,12
Squid,12,0,0,12
Switters,12,0,0,12
wkyew90,12,0,0,12
Yak,12,0,0,12
Zhu,12,0,0,12
МодныйОрк,12,0,0,12
小寶,12,0,0,12
戰鬥傑夫,12,0,0,12
BigBen,8,4,0,12
bruschi,8,4,0,12
Chickenfoot,8,4,0,12
elitelite,8,4,0,12
gcttirth,8,4,0,12
JungMin,8,4,0,12
Petuh671,8,4,0,12
raizin,8,4,0,12
Shadowrun,8,4,0,12
Vent,8,4,0,12
おるどりっち,8,4,0,12
天極昊,8,4,0,12
Anubis,7,0,5,12
azabu,7,0,5,12
Dementio,7,5,0,12
ZümrüdüAnka,7,5,0,12
마르라라,7,5,0,12
瘋狂貓咪,7,5,0,12
Bachi,6,6,0,12
bang2kwak,6,6,0,12
Bogossdu92,6,6,0,12
crypttonight,6,6,0,12
edwardtzj,6,6,0,12
Envoy,6,6,0,12
fro0zenwrath,6,0,6,12
HITMAN,6,6,0,12
Juggernaut,6,6,0,12
lightman,6,0,6,12
lolpop,6,6,0,12
Macg,6,6,0,12
mondemon9,6,6,0,12
NotoriousH2,6,6,0,12
OKCKING,6,0,6,12
Oki9155,6,6,0,12
outworld,6,6,0,12
paypay,6,6,0,12
Piol,6,6,0,12
screamofsky,6,6,0,12
Snail,6,0,6,12
SneerySpace,6,6,0,12
Terrifictaco,6,0,6,12
ThaLucky1,6,0,6,12
Whitebird,6,0,6,12
yaya,6,6,0,12
Zone,6,6,0,12
라커룸,6,6,0,12
그림자멀록,6,6,0,12
행복한발바닥,6,6,0,12
好啊黝,6,6,0,12
歐尼尼醬,6,6,0,12
蘆洲劉德華,6,6,0,12
蠟筆,6,6,0,12
BlackJack,5,0,7,12
Dexter,5,7,0,12
DrEddy,5,0,7,12
GamdurPLelit,5,7,0,12
Jin,5,7,0,12
KrzegoszPL,5,0,7,12
maxx,5,7,0,12
pon12121,5,0,7,12
PThompson,5,7,0,12
Ramses,5,7,0,12
richMizer,5,7,0,12
Ultrabob,5,0,7,12
Wolder,5,0,7,12
엄청난마법사,5,7,0,12
眼睛業障重,5,0,7,12
Asher,4,0,8,12
Aview,4,8,0,12
Bebetitoz,4,8,0,12
bvn,4,8,0,12
clear,4,8,0,12
clownJP,4,8,0,12
Darkham,4,8,0,12
Diamantis,4,8,0,12
Hiro,4,0,8,12
Icarox,4,8,0,12
iEatChildren,4,0,8,12
moarmoar,4,0,8,12
Mystery,4,8,0,12
nicosm23,4,8,0,12
Oinor,4,8,0,12
Polygonz,4,0,8,12
Prince87,4,0,8,12
ryshoe,4,8,0,12
shadowf1end,4,8,0,12
Ting,4,0,8,12
Turbon1ck,4,0,8,12
리신,4,8,0,12
本多忠勝,4,8,0,12
Ampzyh,0,12,0,12
Atan,0,12,0,12
Brimba,0,12,0,12
Druideon,0,12,0,12
Edelweiss,0,12,0,12
fishou,0,12,0,12
Hibadino,0,12,0,12
Hoki,0,12,0,12
Joon,0,12,0,12
Kartigan,0,12,0,12
Ler,0,12,0,12
MaggoGx,0,12,0,12
Meruem,0,12,0,12
noraNeko,0,12,0,12
oOhumaOo,0,12,0,12
Paulik,0,12,0,12
Plevb,0,12,0,12
ProfiX,0,12,0,12
Ttoile,0,12,0,12
Zockym,0,12,0,12
まんぞく,0,12,0,12
モジャ,0,12,0,12
Christian91,0,7,5,12
IwillHuntYou,0,7,5,12
Randmdude,0,7,5,12
rop,0,7,5,12
safo20,0,7,5,12
SaGeek,0,7,5,12
Sam,0,7,5,12
VanHalen,0,7,5,12
曉夢,0,7,5,12
雨之神,0,7,5,12
Astronaut,0,6,6,12
badajimpom,0,6,6,12
CoravStenom,0,6,6,12
CRC,0,6,6,12
Goudhout,0,6,6,12
Heaven,0,6,6,12
HikigayaTai,0,6,6,12
IosuStyle,0,6,6,12
Morts,0,6,6,12
Nikolai,0,6,6,12
pretok,0,6,6,12
Schez0,0,6,6,12
Sorato,0,6,6,12
Supakitch,0,6,6,12
TheKraken,0,6,6,12
Touretto,0,6,6,12
UchihaItachi,0,6,6,12
카히드라이,0,6,6,12
행복꽃사슴농장,0,6,6,12
후니,0,6,6,12
亡靈束褲,0,6,6,12
将希,0,6,6,12
研社人,0,6,6,12
acidz,0,5,7,12
Alanlol,0,5,7,12
daniel,0,5,7,12
flamingobums,0,5,7,12
Highlife,0,5,7,12
OakHeart,0,5,7,12
randomer22,0,5,7,12
Surion,0,5,7,12
권우탄,0,5,7,12
AlphaSai,0,4,8,12
Bananaramic,0,4,8,12
BouncyBear,0,4,8,12
ClicClac,0,4,8,12
DCP,0,4,8,12
Evakos,0,4,8,12
Jia,0,4,8,12
joek,0,4,8,12
MrZaB,0,4,8,12
orochi,0,4,8,12
Pillo,0,4,8,12
Sarkhan,0,4,8,12
Zeni,0,4,8,12
りゃおす,0,4,8,12
누구야,0,4,8,12
哈根大濕,0,4,8,12
茶葉2倍,0,4,8,12
Alfred,0,0,12,12
Alison,0,0,12,12
Apollion,0,0,12,12
apsolZ,0,0,12,12
AvisGod,0,0,12,12
chking,0,0,12,12
coi,0,0,12,12
Dordzhi08,0,0,12,12
DoubleDraw,0,0,12,12
ForeverPladi,0,0,12,12
GreenMango,0,0,12,12
GRESHNIK,0,0,12,12
Inoha,0,0,12,12
Invictus,0,0,12,12
Jam,0,0,12,12
jm1,0,0,12,12
Kohai,0,0,12,12
Lisa,0,0,12,12
MacaW,0,0,12,12
mico,0,0,12,12
moonshine,0,0,12,12
NaSoMaNiAC,0,0,12,12
Noky,0,0,12,12
NYChar,0,0,12,12
Papapousey,0,0,12,12
Pavelingbook,0,0,12,12
Shadybunny,0,0,12,12
Soulmate,0,0,12,12
TheGHP,0,0,12,12
tuVai,0,0,12,12
Yusei,0,0,12,12
Zeler,0,0,12,12
가짜자유,0,0,12,12
개굴진영,0,0,12,12
김정윤,0,0,12,12
난정말강하지,0,0,12,12
뚜루뚜빠라빠라,0,0,12,12
삘라뿅,0,0,12,12
소리없는검,0,0,12,12
순서,0,0,12,12
三重殺神,0,0,12,12
楓葉,0,0,12,12
歹丸歐郎,0,0,12,12
熊貓可可愛,0,0,12,12
Astrogation,11,0,0,11
Blauwedruif,11,0,0,11
civila,11,0,0,11
Crash,11,0,0,11
Dacchyeo,11,0,0,11
Diplomacia,11,0,0,11
JohnWall,11,0,0,11
Law,11,0,0,11
Lion,11,0,0,11
mainecoon,11,0,0,11
MainThing,11,0,0,11
osanpo,11,0,0,11
RigaRdo,11,0,0,11
Sironeko0919,11,0,0,11
Spook,11,0,0,11
Templar,11,0,0,11
UrgentSloth,11,0,0,11
いろはす,11,0,0,11
コタツムリ,11,0,0,11
바스장이,11,0,0,11
사카키유우야,11,0,0,11
BonoBono,7,4,0,11
dolbaeb,7,4,0,11
Farmis,7,4,0,11
Flashex,7,4,0,11
Gaindalf,7,4,0,11
ivY,7,4,0,11
Kaisser24,7,4,0,11
Lolopass,7,4,0,11
Luffy,7,4,0,11
NescauBR,7,4,0,11
nikbel2805,7,4,0,11
NoTsunBeDere,7,4,0,11
Phoenix,7,4,0,11
Psi,7,4,0,11
REJAVAJI,7,4,0,11
rewind,7,4,0,11
Rick,7,4,0,11
rotdamp,7,4,0,11
Scout,7,4,0,11
Shogun,7,4,0,11
slenderman,7,4,0,11
zongzi,7,4,0,11
эщкере,7,4,0,11
개굴이,7,4,0,11
사실산타는없거든,7,4,0,11
진제루스,7,4,0,11
타요,7,4,0,11
神抽到你崩潰,7,4,0,11
CCplus,6,5,0,11
chanhc,6,0,5,11
Deadlinelyu,6,0,5,11
FoxyFox,6,5,0,11
goticlollita,6,5,0,11
IllustBeast,6,0,5,11
jbillyb,6,0,5,11
Jumice,6,5,0,11
nicholena,6,5,0,11
ophtalmo,6,5,0,11
Pirata,6,0,5,11
Pray,6,5,0,11
ropo,6,5,0,11
Sodo,6,5,0,11
Vo1demort,6,5,0,11
Windkit,6,0,5,11
おれさん,6,5,0,11
겐지,6,0,5,11
야다몽,6,0,5,11
半透明立刻顯現出,6,5,0,11
alexbzg,5,6,0,11
Americavolle,5,6,0,11
asuangco,5,6,0,11
BadKarma,5,0,6,11
BloodEdge,5,6,0,11
coolkid2001,5,6,0,11
Craazytime,5,6,0,11
DarkGoomy,5,0,6,11
dorong,5,0,6,11
Dosage,5,6,0,11
fountain1979,5,0,6,11
Horns,5,0,6,11
Kawekis,5,6,0,11
KingSelassie,5,6,0,11
LeaAndReynad,5,6,0,11
Luke,5,6,0,11
Mhirese,5,6,0,11
Musubi,5,6,0,11
NinetyThree,5,0,6,11
RailgunZ,5,6,0,11
Rocketman,5,6,0,11
Rupflin,5,0,6,11
saba,5,0,6,11
Silence2104,5,6,0,11
try2doit,5,6,0,11
Worix,5,0,6,11
れじなっと,5,6,0,11
김병현,5,6,0,11
라면좀끼리보이,5,0,6,11
밀라네스타,5,6,0,11
여관주인,5,0,6,11
인생망함,5,6,0,11
조성진,5,6,0,11
紅茶同學,5,6,0,11
akara,4,0,7,11
alieneys,4,0,7,11
Bazz,4,7,0,11
BIRDS,4,0,7,11
Buzz,4,0,7,11
Copycat,4,7,0,11
Dasein,4,7,0,11
Dawidoff,4,0,7,11
Etoce,4,0,7,11
Fate,4,0,7,11
Futskin,4,7,0,11
Genghis,4,7,0,11
Heskey4Lyfe,4,7,0,11
iprkolo,4,0,7,11
itwistyu,4,7,0,11
kr1stus,4,0,7,11
Lapotre,4,7,0,11
Lausten,4,7,0,11
Lemon,4,7,0,11
Mashiwagi,4,7,0,11
Nolies,4,7,0,11
POPEYE,4,7,0,11
Prillux,4,7,0,11
Pronto,4,7,0,11
rookieAC,4,7,0,11
Shredder,4,7,0,11
Skills,4,7,0,11
Spoofers,4,7,0,11
Srouc,4,7,0,11
Stretch22,4,7,0,11
weichien,4,0,7,11
Yosumi123,4,0,7,11
Zedleppelin,4,0,7,11
ましゅー,4,0,7,11
독도는한국,4,7,0,11
참교육,4,0,7,11
奪命腳,4,0,7,11
時代的反抗者,4,7,0,11
海鮮超人,4,7,0,11
瑄寶貝,4,0,7,11
龜燃怕火,4,7,0,11
BeUndead,0,11,0,11
Darkan,0,11,0,11
Easy,0,11,0,11
Elrich,0,11,0,11
Fearadot,0,11,0,11
foumou,0,11,0,11
Geroi,0,11,0,11
javiresp,0,11,0,11
kevin7777,0,11,0,11
maczye,0,11,0,11
Mariodela,0,11,0,11
mityaka,0,11,0,11
Mousethecat,0,11,0,11
palenri,0,11,0,11
pepavosum,0,11,0,11
pino94,0,11,0,11
RobbStark,0,11,0,11
RogueOne,0,11,0,11
tacici,0,11,0,11
thousandwood,0,11,0,11
Wanderflo,0,11,0,11
WING0527,0,11,0,11
Yulsic,0,11,0,11
YUNO,0,11,0,11
zabi,0,11,0,11
ピョーーーン,0,11,0,11
새벽달빛향기,0,11,0,11
통통따리톤톤따,0,11,0,11
台中金城武,0,11,0,11
火焰狂影,0,11,0,11
蕪羅亭魔梨威,0,11,0,11
麒颯爾,0,11,0,11
Bojanged,0,6,5,11
CoLdDeAtH,0,6,5,11
Dante,0,6,5,11
DarkXBlazer,0,6,5,11
Drag0nspirit,0,6,5,11
Envius,0,6,5,11
GibbonSlayer,0,6,5,11
kevinkao,0,6,5,11
NovaGrap,0,6,5,11
Ogiez,0,6,5,11
Poskro,0,6,5,11
Poupouli,0,6,5,11
poyu,0,6,5,11
Ranlit,0,6,5,11
RedPandaBear,0,6,5,11
RojNation,0,6,5,11
Wydread,0,6,5,11
Маклауд,0,6,5,11
기가윈드,0,6,5,11
원호짱123,0,6,5,11
餡掛炒飯,0,6,5,11
Blastoise,0,5,6,11
chaoslordk,0,5,6,11
Derpinox,0,5,6,11
Dziomek,0,5,6,11
Giru,0,5,6,11
Hank,0,5,6,11
Hayek5,0,5,6,11
Lutha,0,5,6,11
sohmax,0,5,6,11
Terminoker,0,5,6,11
umad,0,5,6,11
Zeromeia,0,5,6,11
운없는사람1,0,5,6,11
하스스톤,0,5,6,11
Bquiet,0,4,7,11
CAVS,0,4,7,11
ChaosVLord,0,4,7,11
charles9433,0,4,7,11
DungII,0,4,7,11
Faldez,0,4,7,11
HaNaFloweR,0,4,7,11
ivanbertlooc,0,4,7,11
JaMMeX,0,4,7,11
LaSardine42,0,4,7,11
Matchstick,0,4,7,11
MattBR,0,4,7,11
melody,0,4,7,11
midnight,0,4,7,11
Mikro,0,4,7,11
Mishu,0,4,7,11
Mitchtes,0,4,7,11
Olinho,0,4,7,11
Raptor,0,4,7,11
saszako,0,4,7,11
Sheazus,0,4,7,11
SleepyBear,0,4,7,11
Snyderro,0,4,7,11
SunStorm,0,4,7,11
SWG4,0,4,7,11
Teach,0,4,7,11
Vybon,0,4,7,11
Y0r1k,0,4,7,11
ZachO,0,4,7,11
ノノ,0,4,7,11
강군,0,4,7,11
超級魚人,0,4,7,11
龍的傳人,0,4,7,11
Aleqt,0,0,11,11
Babis,0,0,11,11
Blackyyy,0,0,11,11
BlinkBlink,0,0,11,11
Cagliostro,0,0,11,11
CandyBoy,0,0,11,11
Cynthia,0,0,11,11
Dahlia,0,0,11,11
Dehmax,0,0,11,11
djenddl,0,0,11,11
Dragonaccio,0,0,11,11
FForteech,0,0,11,11
GAP1698,0,0,11,11
hardluck,0,0,11,11
HATIKQ,0,0,11,11
Jace,0,0,11,11
johnnyboy,0,0,11,11
Kancun,0,0,11,11
Longzx,0,0,11,11
mwestb1,0,0,11,11
Neol,0,0,11,11
Ranpo,0,0,11,11
Shuku,0,0,11,11
SlippyG,0,0,11,11
Slysssa,0,0,11,11
soraka,0,0,11,11
Suckboy,0,0,11,11
TheLastChamp,0,0,11,11
YudukiYu,0,0,11,11
둠빠따대무대무,0,0,11,11
빼앸,0,0,11,11
Alokin,10,0,0,10
Aquiver,10,0,0,10
azure,10,0,0,10
Cool,10,0,0,10
Cosine,10,0,0,10
Deceptions,10,0,0,10
EdwardCoug,10,0,0,10
esportschamp,10,0,0,10
Geekaleek,10,0,0,10
Gromthinker,10,0,0,10
Growgo,10,0,0,10
Hëhë,10,0,0,10
Kaelthas,10,0,0,10
maDe,10,0,0,10
Melopia,10,0,0,10
Money,10,0,0,10
Moran,10,0,0,10
Mul,10,0,0,10
Pandaboy,10,0,0,10
Pawel1604,10,0,0,10
rogerXXX,10,0,0,10
Silmaluomi,10,0,0,10
TaddyMason,10,0,0,10
VAULT,10,0,0,10
じょんつん,10,0,0,10
노은동미친개,10,0,0,10
키다리아저씨,10,0,0,10
吃餅囉,10,0,0,10
肉堡,10,0,0,10
齊修羅,10,0,0,10
abel,6,4,0,10
acucaracha,6,4,0,10
Bajs16,6,4,0,10
Bendrikus,6,4,0,10
Bephore,6,4,0,10
CaNnibal,6,4,0,10
Creoo,6,4,0,10
Deni,6,4,0,10
desodione,6,4,0,10
doktorrrr,6,4,0,10
Dremlin,6,4,0,10
Ellery,6,4,0,10
excito,6,4,0,10
Falular,6,4,0,10
Fraud,6,4,0,10
fRozen,6,4,0,10
gatipoteto,6,4,0,10
Gp2,6,4,0,10
Key,6,4,0,10
KnueChan,6,4,0,10
Kurt,6,4,0,10
Lono88,6,4,0,10
Lore,6,4,0,10
LostXmas,6,4,0,10
MidgetNinja,6,4,0,10
monkey,6,4,0,10
Mr7x,6,4,0,10
Numma,6,4,0,10
paremin,6,4,0,10
park,6,4,0,10
poteto,6,4,0,10
SpAwN,6,4,0,10
theoddone23,6,4,0,10
Tuval,6,4,0,10
Univerth,6,4,0,10
xPowerful1x,6,4,0,10
Xrustec,6,4,0,10
강슬기,6,4,0,10
그림자폭풍,6,4,0,10
기중,6,4,0,10
에이지,6,4,0,10
초능,6,4,0,10
大懶熊,6,4,0,10
bergman,5,5,0,10
Firefly,5,5,0,10
Invincible,5,5,0,10
Kevin,5,5,0,10
MagicAndy,5,0,5,10
Mckee,5,5,0,10
Omega,5,5,0,10
protaras,5,5,0,10
RandomPick,5,5,0,10
SaltySandy,5,0,5,10
TacoIsBad,5,5,0,10
Trent,5,0,5,10
yusa,5,5,0,10
zelax,5,5,0,10
zoshit228,5,0,5,10
굳덕수,5,5,0,10
淺酌,5,0,5,10
蒼狼,5,0,5,10
霍格,5,5,0,10
ABA,4,6,0,10
Alabrel,4,6,0,10
AlexGdu94,4,6,0,10
arbok,4,0,6,10
Ault,4,6,0,10
Bear,4,0,6,10
Blair,4,6,0,10
Ch95120,4,6,0,10
ClaudioMà,4,6,0,10
CYAN,4,0,6,10
Cybernav,4,6,0,10
czosnak,4,6,0,10
danireySvQ,4,6,0,10
Death,4,6,0,10
deckparrot,4,6,0,10
Dice,4,6,0,10
Dostinate,4,0,6,10
EddStark,4,6,0,10
ehome,4,6,0,10
Elstein,4,6,0,10
Etsuo3,4,6,0,10
fercho,4,0,6,10
Firox,4,6,0,10
Galantis,4,6,0,10
Gemini,4,6,0,10
GoSuForEVeR,4,6,0,10
hruby,4,6,0,10
ibtingz,4,6,0,10
Iloveyou,4,6,0,10
Isosunriser,4,6,0,10
KamChancelor,4,6,0,10
kondrash228,4,6,0,10
LegendGonti,4,6,0,10
LizardWizard,4,6,0,10
monkey25787,4,0,6,10
nakedgun,4,6,0,10
rabbit757,4,6,0,10
Rests,4,6,0,10
RIKA,4,6,0,10
SgtSlty,4,6,0,10
ShaarLun,4,6,0,10
SyoGo,4,6,0,10
Thorador,4,0,6,10
timberwolfs,4,6,0,10
Timon,4,0,6,10
truvietboi,4,6,0,10
UNIQUE,4,0,6,10
Zob,4,6,0,10
デデンネモ,4,6,0,10
그러하다,4,6,0,10
김동민,4,6,0,10
보리,4,6,0,10
전설찍고즐겜,4,0,6,10
歐嗨憂,4,6,0,10
羊哥,4,0,6,10
Asla,0,10,0,10
Attrix,0,10,0,10
Bananmur,0,10,0,10
Berseker,0,10,0,10
Beto,0,10,0,10
BingFu,0,10,0,10
Carvalho,0,10,0,10
corocce,0,10,0,10
CupCake,0,10,0,10
d3n0r,0,10,0,10
Delouche,0,10,0,10
Django,0,10,0,10
Doc,0,10,0,10
dOOrFix,0,10,0,10
Finck,0,10,0,10
gemo,0,10,0,10
Godfree,0,10,0,10
Hagbard,0,10,0,10
IIdollarCwon,0,10,0,10
Inhabulos,0,10,0,10
iziboulbi,0,10,0,10
KOBE,0,10,0,10
koronkoron,0,10,0,10
Kronos,0,10,0,10
Legendary123,0,10,0,10
Litiq,0,10,0,10
lyndis,0,10,0,10
Macbeth,0,10,0,10
MisakiFC,0,10,0,10
mylife294,0,10,0,10
oGURLz,0,10,0,10
Patrick,0,10,0,10
PogChampion,0,10,0,10
Sapicotte,0,10,0,10
Slye,0,10,0,10
Solar,0,10,0,10
Suppressed,0,10,0,10
t01yan,0,10,0,10
Tamizo,0,10,0,10
Teddy,0,10,0,10
teto,0,10,0,10
TheOneJack,0,10,0,10
Tromic,0,10,0,10
Харамад,0,10,0,10
세상을바꾸고싶다,0,10,0,10
킴채휸,0,10,0,10
小本,0,10,0,10
AIChristBot,0,5,5,10
Andrws,0,5,5,10
Cogshallman,0,5,5,10
JhoelMP,0,5,5,10
ManaCh,0,5,5,10
Maximal,0,5,5,10
MiuCAT,0,5,5,10
Mur0,0,5,5,10
No13,0,5,5,10
Quan,0,5,5,10
Raijuu,0,5,5,10
s4mule,0,5,5,10
Tomo,0,5,5,10
Wilbell,0,5,5,10
yeschicken,0,5,5,10
だんぷぅ,0,5,5,10
엘렌시아드,0,5,5,10
Bankyugi,0,4,6,10
Ben27A,0,4,6,10
berkay555,0,4,6,10
Bloom,0,4,6,10
Bom,0,4,6,10
BrightInwZaa,0,4,6,10
buno,0,4,6,10
Carestia,0,4,6,10
Casper,0,4,6,10
Charlie,0,4,6,10
Dartill,0,4,6,10
Davismo,0,4,6,10
DayMan,0,4,6,10
DKamo,0,4,6,10
Elsa,0,4,6,10
fcor,0,4,6,10
FrostyDog,0,4,6,10
Grimmjow,0,4,6,10
hotcoco,0,4,6,10
hotgirl,0,4,6,10
Hoxx,0,4,6,10
Jared,0,4,6,10
Judgement,0,4,6,10
koromon,0,4,6,10
koz,0,4,6,10
krustbr,0,4,6,10
KyloRen,0,4,6,10
LordFoul,0,4,6,10
malteemil,0,4,6,10
Maneio,0,4,6,10
nagnol,0,4,6,10
NeR0,0,4,6,10
nicias,0,4,6,10
Phnx,0,4,6,10
pinpin,0,4,6,10
Predator,0,4,6,10
QQzOO,0,4,6,10
RoYcHaNkIsS,0,4,6,10
S3cret,0,4,6,10
Sandrax,0,4,6,10
Shakalets,0,4,6,10
ShineN,0,4,6,10
TheKiing,0,4,6,10
Ty4nKo,0,4,6,10
Valeera,0,4,6,10
Wizoh,0,4,6,10
xavgoh,0,4,6,10
Zero,0,4,6,10
Zhelezny,0,4,6,10
МощныеШтаны,0,4,6,10
みょんちー,0,4,6,10
공감각,0,4,6,10
로아,0,4,6,10
테논,0,4,6,10
安你好我三歲,0,4,6,10
那誰,0,4,6,10
Admirable,0,0,10,10
Aviously,0,0,10,10
Alice,0,0,10,10
AtEase,0,0,10,10
Bennidge,0,0,10,10
BongDaCity,0,0,10,10
Boss,0,0,10,10
Bravo,0,0,10,10
CBass,0,0,10,10
cezaryi,0,0,10,10
Cookain,0,0,10,10
DarkXav,0,0,10,10
Dash,0,0,10,10
DashingHenry,0,0,10,10
dhruvstar,0,0,10,10
Dvl321,0,0,10,10
ElBochoss,0,0,10,10
Entraditas,0,0,10,10
Him,0,0,10,10
I7pocTo,0,0,10,10
KalikQ,0,0,10,10
Kassu,0,0,10,10
kirillsir,0,0,10,10
Kusunoki3,0,0,10,10
Martras,0,0,10,10
masa,0,0,10,10
Minamimi,0,0,10,10
mozhi129,0,0,10,10
NerfAutism,0,0,10,10
NightFire,0,0,10,10
Nikami,0,0,10,10
prime,0,0,10,10
Pushax30678,0,0,10,10
quentinooo,0,0,10,10
robs,0,0,10,10
Rui0128,0,0,10,10
RumGorey,0,0,10,10
RumHam,0,0,10,10
sapphire,0,0,10,10
Schon,0,0,10,10
Sephiroothe,0,0,10,10
sexisme,0,0,10,10
sokuratesu,0,0,10,10
Theude,0,0,10,10
Vulee,0,0,10,10
Zekyon,0,0,10,10
공블리,0,0,10,10
김유겸,0,0,10,10
꿈보다더멋진현실,0,0,10,10
돼지장신영,0,0,10,10
Abito,9,0,0,9
Caveman,9,0,0,9
CherrieDoll,9,0,0,9
Chung,9,0,0,9
Concluding,9,0,0,9
diem4x,9,0,0,9
Diggen,9,0,0,9
Eisen0818,9,0,0,9
ElegarGr,9,0,0,9
Epic,9,0,0,9
Frayis,9,0,0,9
Frosty,9,0,0,9
Geist,9,0,0,9
Grey,9,0,0,9
Gudo,9,0,0,9
hardo,9,0,0,9
HocusPocusNE,9,0,0,9
Howl,9,0,0,9
IDontKnow,9,0,0,9
Jaster,9,0,0,9
kirilius,9,0,0,9
Kono,9,0,0,9
ktul,9,0,0,9
Maplefire,9,0,0,9
MISTBURN,9,0,0,9
Nyrf,9,0,0,9
pestenoire,9,0,0,9
phuxwe11,9,0,0,9
PokeherFace,9,0,0,9
purplerat,9,0,0,9
RTomas,9,0,0,9
Salvatore,9,0,0,9
ScottPan,9,0,0,9
Skip,9,0,0,9
SocorristaEP,9,0,0,9
spounch,9,0,0,9
SuperPanu,9,0,0,9
TheArcana,9,0,0,9
TheBanned00,9,0,0,9
theyack,9,0,0,9
Vazelline,9,0,0,9
Wagwamer,9,0,0,9
WaRHaMeR,9,0,0,9
WarrenBleezy,9,0,0,9
Wurick,9,0,0,9
Y2Z,9,0,0,9
땅콩버터라구요,9,0,0,9
똘래랑스,9,0,0,9
아즈카,9,0,0,9
夢幻的真実,9,0,0,9
aqyla,5,4,0,9
Attila,5,4,0,9
Aurune,5,4,0,9
Azure,5,4,0,9
Balor,5,4,0,9
CommonNoodle,5,4,0,9
Darkology,5,4,0,9
HC015,5,4,0,9
HitterD,5,4,0,9
HollyHolly,5,4,0,9
Hope,5,4,0,9
Kidult,5,4,0,9
Lathös,5,4,0,9
Luk,5,4,0,9
Menel,5,4,0,9
Morgomir,5,4,0,9
mstrike,5,4,0,9
NerdAlarm,5,4,0,9
NerfThis,5,4,0,9
nikforce,5,4,0,9
Numaria,5,4,0,9
Orc,5,4,0,9
Phossil,5,4,0,9
Pietas,5,4,0,9
Realz,5,4,0,9
Reedy,5,4,0,9
Rodrigo,5,4,0,9
Sherlock,5,4,0,9
SilverHawk,5,4,0,9
SkyMaru,5,4,0,9
TerranDan,5,4,0,9
TheWhitePuma,5,4,0,9
tothedome,5,4,0,9
Wampie,5,4,0,9
Wingdude,5,4,0,9
Царев,5,4,0,9
보담담엉덩노예,5,4,0,9
오카리,5,4,0,9
아노커,5,4,0,9
아슈레이,5,4,0,9
小乜,5,4,0,9
참새,5,4,0,9
하스접고대학가자,5,4,0,9
홀배이셔도,5,4,0,9
흑색잎,5,4,0,9
拋沙拉,5,4,0,9
暗影風暴,5,4,0,9
Aalcoolix,4,0,5,9
Ainlex1,4,0,5,9
Akan,4,0,5,9
Alatriel,4,5,0,9
Bolawarrior,4,5,0,9
BrianOBryan,4,5,0,9
bynie,4,5,0,9
DeepJapie,4,5,0,9
Deerjason,4,0,5,9
Donde,4,0,5,9
Dongotti,4,5,0,9
dschmitt,4,5,0,9
Explosive,4,5,0,9
Falla,4,0,5,9
Fourtytwo,4,5,0,9
gadoutsi,4,5,0,9
GiantPingu,4,5,0,9
Hanniball,4,5,0,9
Haxgar,4,5,0,9
JasonCai,4,5,0,9
kaisu,4,5,0,9
Ken,4,5,0,9
Liam,4,0,5,9
NatsuyaZ,4,5,0,9
natu917,4,5,0,9
Noise,4,0,5,9
NoxTar,4,5,0,9
pantera,4,0,5,9
qwdrG0d,4,0,5,9
Rajah,4,0,5,9
Rampage,4,0,5,9
Richi,4,5,0,9
Sairi,4,5,0,9
Sergiy,4,0,5,9
VarianRinn,4,5,0,9
wgoon,4,5,0,9
노란코코넛,4,0,5,9
정태현,4,0,5,9
白白的好噁心,4,0,5,9
真心都是屎2,4,5,0,9
Aevi,0,9,0,9
Agazapado,0,9,0,9
ahilles026,0,9,0,9
Akiix,0,9,0,9
Alesclandre,0,9,0,9
ALightSwitch,0,9,0,9
AndyBoo,0,9,0,9
asense,0,9,0,9
ASKAGOLD,0,9,0,9
Aurius98,0,9,0,9
AW22,0,9,0,9
Barracuda,0,9,0,9
beffl,0,9,0,9
BloodKing,0,9,0,9
boldiika,0,9,0,9
CamiAhUm,0,9,0,9
Carma,0,9,0,9
Casual,0,9,0,9
Catota,0,9,0,9
Cattleya,0,9,0,9
chith,0,9,0,9
choco06743,0,9,0,9
chy,0,9,0,9
D33,0,9,0,9
Damon,0,9,0,9
darqueros,0,9,0,9
Dub,0,9,0,9
ElJefeFuego,0,9,0,9
Eustachio,0,9,0,9
Feelink,0,9,0,9
Futna,0,9,0,9
hAmada,0,9,0,9
IDeal,0,9,0,9
Ikher,0,9,0,9
ION416,0,9,0,9
JHW,0,9,0,9
kazata,0,9,0,9
Kentautz,0,9,0,9
KisaGoesMeow,0,9,0,9
LionelMessi,0,9,0,9
Lzaki,0,9,0,9
Malgan,0,9,0,9
MichelSympa,0,9,0,9
Mircan,0,9,0,9
mirrorturtle,0,9,0,9
mukuch1,0,9,0,9
Myth,0,9,0,9
NaoZao,0,9,0,9
Nekooooo,0,9,0,9
nintaikozue,0,9,0,9
Nubzilla,0,9,0,9
OneManShow,0,9,0,9
Palmblad,0,9,0,9
pBLhawk,0,9,0,9
phrenik,0,9,0,9
PooH,0,9,0,9
punny,0,9,0,9
QQQ,0,9,0,9
ROSTISLAVKA,0,9,0,9
salebk4,0,9,0,9
Servalika,0,9,0,9
Shwitz44,0,9,0,9
SNU,0,9,0,9
SnubOregon,0,9,0,9
SueYoMan,0,9,0,9
thunderlazy,0,9,0,9
TidesofTime,0,9,0,9
Twintail,0,9,0,9
Überkaiser,0,9,0,9
Wynn,0,9,0,9
xan,0,9,0,9
xXMan17Xx,0,9,0,9
zen,0,9,0,9
バスター,0,9,0,9
검은털,0,9,0,9
김다현,0,9,0,9
소네트,0,9,0,9
소연신,0,9,0,9
승상,0,9,0,9
아잉,0,9,0,9
영처리,0,9,0,9
오묘,0,9,0,9
위피,0,9,0,9
이순신,0,9,0,9
일회용,0,9,0,9
잠자는토토로,0,9,0,9
제마법이당신을,0,9,0,9
종종,0,9,0,9
쩡문,0,9,0,9
초보에요엉엉,0,9,0,9
穩健型玩家老謙,0,9,0,9
AlekDziarmak,0,4,5,9
ASXRVT,0,4,5,9
BAZINGA,0,4,5,9
borto,0,4,5,9
CrunchyFrog,0,4,5,9
deui,0,4,5,9
DeVa,0,4,5,9
Fritz,0,4,5,9
Gabriel,0,4,5,9
Gnomdeguerre,0,4,5,9
HENK,0,4,5,9
HongUn,0,4,5,9
Horo,0,4,5,9
Hulkeinstein,0,4,5,9
ift,0,4,5,9
javorman0123,0,4,5,9
Juliano,0,4,5,9
junglist,0,4,5,9
JustErnest,0,4,5,9
KBTIT,0,4,5,9
Kordyon,0,4,5,9
L3bjorge,0,4,5,9
LazyTurtle,0,4,5,9
Lostanswer,0,4,5,9
Lyme,0,4,5,9
M1LAN,0,4,5,9
Mael,0,4,5,9
Maricochet,0,4,5,9
Markelos,0,4,5,9
NekrozGod,0,4,5,9
PeLanza,0,4,5,9
Rombosman,0,4,5,9
SexyEnvelope,0,4,5,9
SoMuchFUN,0,4,5,9
Trojan,0,4,5,9
UnholyMurloc,0,4,5,9
VideoVandal,0,4,5,9
Vitii,0,4,5,9
Warlor,0,4,5,9
Whypekz,0,4,5,9
Wolf,0,4,5,9
Zed,0,4,5,9
zOrg,0,4,5,9
コイン!,0,4,5,9
간장어,0,4,5,9
명지대훈남,0,4,5,9
모래킹,0,4,5,9
戀風小朔,0,4,5,9
航向了髮際線,0,4,5,9
boski,0,0,9,9
Bridges181,0,0,9,9
Bruce,0,0,9,9
Cambium,0,0,9,9
ChiChi,0,0,9,9
Chuva,0,0,9,9
Crystal,0,0,9,9
D0nkey,0,0,9,9
DANKE,0,0,9,9
DorothyWest,0,0,9,9
Doud78,0,0,9,9
ElChupacabra,0,0,9,9
Facetickle,0,0,9,9
Ferno4111,0,0,9,9
finally,0,0,9,9
fingerout,0,0,9,9
Gravityx2,0,0,9,9
HateShrimper,0,0,9,9
HexForge,0,0,9,9
HyperLion,0,0,9,9
ikayama,0,0,9,9
J4kubb,0,0,9,9
jin,0,0,9,9
JK719,0,0,9,9
kaede,0,0,9,9
KAPPA,0,0,9,9
KaratéSwag22,0,0,9,9
Kawagek,0,0,9,9
KissyCat,0,0,9,9
Kyshirox,0,0,9,9
LeM,0,0,9,9
lOvE朝鮮,0,0,9,9
M5K7,0,0,9,9
MaXxouNET,0,0,9,9
natsumewato,0,0,9,9
Okayyyyyy,0,0,9,9
Ordalie,0,0,9,9
Oyazi33,0,0,9,9
PitiN,0,0,9,9
Ricerca,0,0,9,9
royal,0,0,9,9
SetoKaiba,0,0,9,9
shuijiao,0,0,9,9
SomeEar,0,0,9,9
Space,0,0,9,9
spellbook,0,0,9,9
steeloslave,0,0,9,9
suimin,0,0,9,9
Susan,0,0,9,9
Taidana,0,0,9,9
Tasu17,0,0,9,9
Thorathan,0,0,9,9
Tosisdc,0,0,9,9
TropFacile,0,0,9,9
Utopia,0,0,9,9
Vlados,0,0,9,9
WangIee,0,0,9,9
Wilson,0,0,9,9
XAMAEL,0,0,9,9
XSoul,0,0,9,9
Глинос,0,0,9,9
겅이,0,0,9,9
기석,0,0,9,9
깕쿵산,0,0,9,9
꼬맹이,0,0,9,9
난그냥산다,0,0,9,9
바게트,0,0,9,9
박꿀잼,0,0,9,9
사계절의변화,0,0,9,9
쓰랄하면고아,0,0,9,9
아이고인간아,0,0,9,9
죽여줘용,0,0,9,9
쿰척박사공혁준,0,0,9,9
AhHan,8,0,0,8
Akerlof,8,0,0,8
Aki21,8,0,0,8
Alpe,8,0,0,8
Aster,8,0,0,8
Azuwraith,8,0,0,8
baenugget,8,0,0,8
BanditKeith,8,0,0,8
barin,8,0,0,8
Behavior,8,0,0,8
Bezikki,8,0,0,8
cocoa,8,0,0,8
Decoy,8,0,0,8
Deltoro,8,0,0,8
DivineAngel,8,0,0,8
Duck1e,8,0,0,8
Eto,8,0,0,8
EvgenyT,8,0,0,8
Grim,8,0,0,8
fckngoomba,8,0,0,8
Flex,8,0,0,8
Goatie,8,0,0,8
green,8,0,0,8
HiImJoZo,8,0,0,8
honeyboy91,8,0,0,8
Hughesy,8,0,0,8
Jimbabwe,8,0,0,8
Joller,8,0,0,8
Jomo,8,0,0,8
KaiserIIIC,8,0,0,8
KcalbLegna,8,0,0,8
KEET,8,0,0,8
krAte,8,0,0,8
lblc,8,0,0,8
Louielin,8,0,0,8
MagicZYYZA,8,0,0,8
mcdull,8,0,0,8
mcsongi92,8,0,0,8
Metallic,8,0,0,8
MixKokinho,8,0,0,8
Mirrari,8,0,0,8
Montu,8,0,0,8
Myoil,8,0,0,8
Nevermore,8,0,0,8
opportunity,8,0,0,8
Path,8,0,0,8
Rapion,8,0,0,8
reation,8,0,0,8
RGH,8,0,0,8
Rhonin,8,0,0,8
Rong,8,0,0,8
RYABRA,8,0,0,8
Sckej,8,0,0,8
SeNFoNiX,8,0,0,8
sevens,8,0,0,8
Shkutinho,8,0,0,8
Spirit,8,0,0,8
Sqlut,8,0,0,8
Thekiller23,8,0,0,8
TheMagician,8,0,0,8
Tingg,8,0,0,8
WalloW,8,0,0,8
Wesgg,8,0,0,8
woody,8,0,0,8
Илья,8,0,0,8
ТопскийПавел,8,0,0,8
чертконченый,8,0,0,8
썬아,8,0,0,8
영욱이즐거워,8,0,0,8
Xifos,8,0,0,8
Yoshi,8,0,0,8
yuma,8,0,0,8
zake,8,0,0,8
싸이버거,8,0,0,8
코디악베어,8,0,0,8
펠리컨,8,0,0,8
호두선생,8,0,0,8
勸君把定心莫虛,8,0,0,8
沉睡先知,8,0,0,8
派大之星,8,0,0,8
Altaria,4,4,0,8
Applechips,4,4,0,8
Ares24,4,4,0,8
Bagzoo,4,4,0,8
BCCISTOOGOOD,4,4,0,8
Blacklink3r,4,4,0,8
Carry,4,4,0,8
Ch440s,4,4,0,8
DarkSatan,4,4,0,8
DiegoBrando,4,4,0,8
Dreamcatcher,4,4,0,8
Drop,4,4,0,8
eFkei,4,4,0,8
EHOT,4,4,0,8
Empathy4Dead,4,4,0,8
Ericwoo,4,4,0,8
ErzaScarlet,4,4,0,8
Ftom,4,4,0,8
Giedel,4,4,0,8
Grezko,4,4,0,8
Grrrgllr,4,4,0,8
Gschmagee,4,4,0,8
Gucci,4,4,0,8
iamjulie,4,4,0,8
KaizerSosa,4,4,0,8
ken,4,4,0,8
KeyserSoze,4,4,0,8
Kiyoe,4,4,0,8
Komasan,4,4,0,8
Lamb,4,4,0,8
leno4ka,4,4,0,8
Lubricate,4,4,0,8
lunasea,4,4,0,8
mana,4,4,0,8
NaoL,4,4,0,8
Painter,4,4,0,8
Parilaos,4,4,0,8
Pikachio,4,4,0,8
PingDeChap,4,4,0,8
Primitive,4,4,0,8
PsiXoPaD,4,4,0,8
RaiNHaZE,4,4,0,8
Rem,4,4,0,8
Ribbet,4,4,0,8
Rizen,4,4,0,8
Roarr,4,4,0,8
sai,4,4,0,8
Salamandra,4,4,0,8
Sepios,4,4,0,8
SHaNiSH,4,4,0,8
SirCojones,4,4,0,8
Srammi,4,4,0,8
Yizhi,4,4,0,8
ДИК,4,4,0,8
あなる王子,4,4,0,8
りーな,4,4,0,8
チョコビッチ,4,4,0,8
단재,4,4,0,8
레오,4,4,0,8
루윈,4,4,0,8
바루스,4,4,0,8
아쿨리아,4,4,0,8
젤리,4,4,0,8
世界雲雲不理你,4,4,0,8
微微一笑很傾城,4,4,0,8
梵希,4,4,0,8
沉默鬼,4,4,0,8
魔法地精,4,4,0,8
adf,0,8,0,8
Aloser,0,8,0,8
Anarkhos,0,8,0,8
aniko,0,8,0,8
Apolz,0,8,0,8
Arioch,0,8,0,8
asxetos,0,8,0,8
Avatar,0,8,0,8
BaroNeko,0,8,0,8
BasedMST,0,8,0,8
BBNM,0,8,0,8
BDBRINGA,0,8,0,8
Beco,0,8,0,8
BetterThan,0,8,0,8
Bigmark,0,8,0,8
BoGun,0,8,0,8
BonusPrimo,0,8,0,8
BornToStitch,0,8,0,8
Bullseye,0,8,0,8
Core2,0,8,0,8
CozyKitten,0,8,0,8
Dario149,0,8,0,8
Deuse,0,8,0,8
Dose,0,8,0,8
Dranxelaa,0,8,0,8
duce,0,8,0,8
Duck,0,8,0,8
DWang,0,8,0,8
Fery,0,8,0,8
flamingo,0,8,0,8
FrischRuben,0,8,0,8
FUWAWA,0,8,0,8
Gold,0,8,0,8
Greydwarf,0,8,0,8
HappyFeet,0,8,0,8
Heisenberg,0,8,0,8
HHC,0,8,0,8
Hotform,0,8,0,8
hunteras,0,8,0,8
Iksu,0,8,0,8
Ims,0,8,0,8
jknight05,0,8,0,8
JustSr,0,8,0,8
K3NTY,0,8,0,8
KamenD,0,8,0,8
Kerzshakov,0,8,0,8
kouichiro,0,8,0,8
krepkynn,0,8,0,8
Krisedge,0,8,0,8
LawlietDuart,0,8,0,8
Lemonade,0,8,0,8
LLIoKoJIaD,0,8,0,8
Luminus,0,8,0,8
Massimus,0,8,0,8
Moluk,0,8,0,8
Natume,0,8,0,8
nich,0,8,0,8
NikLaus,0,8,0,8
NOSUKE,0,8,0,8
Optidox,0,8,0,8
OurStory,0,8,0,8
Paniranist,0,8,0,8
Pawjaw,0,8,0,8
PieMan,0,8,0,8
PINBALLOWS,0,8,0,8
powerso1,0,8,0,8
Pryce,0,8,0,8
rainyday,0,8,0,8
Roydener,0,8,0,8
Rumia,0,8,0,8
rusel73,0,8,0,8
Ryvule,0,8,0,8
Sa10,0,8,0,8
sepatown,0,8,0,8
serega911,0,8,0,8
Shard380,0,8,0,8
Silvester,0,8,0,8
sim1749,0,8,0,8
Snow,0,8,0,8
stase,0,8,0,8
Strider,0,8,0,8
Sudy,0,8,0,8
Sylar,0,8,0,8
TaftsBathtub,0,8,0,8
TheSyndicate,0,8,0,8
tidsskrift,0,8,0,8
timdancan,0,8,0,8
tokin,0,8,0,8
UkrytyTroll,0,8,0,8
VinceMcMahon,0,8,0,8
Vitto,0,8,0,8
Vlue,0,8,0,8
Vombit,0,8,0,8
Wolfy,0,8,0,8
wrench,0,8,0,8
Yeezus,0,8,0,8
Ysuper,0,8,0,8
Yurt,0,8,0,8
Zalarjin,0,8,0,8
zigaco,0,8,0,8
Zugz,0,8,0,8
ПлешивыйВолк,0,8,0,8
アレマル,0,8,0,8
シルバー,0,8,0,8
にくまん,0,8,0,8
공기먹고체함,0,8,0,8
규요미,0,8,0,8
닭매니아,0,8,0,8
서렌더와거품목욕,0,8,0,8
아트한홍구,0,8,0,8
얘드모트,0,8,0,8
우훗,0,8,0,8
의창,0,8,0,8
장수말벌,0,8,0,8
정폴라,0,8,0,8
할배,0,8,0,8
啊不就好棒棒,0,8,0,8
嗨賴保證書,0,8,0,8
小白襪,0,8,0,8
小黑,0,8,0,8
帥氣的奕哥,0,8,0,8
徳光ボンバー,0,8,0,8
斬鐵,0,8,0,8
梓紫魑,0,8,0,8
Aiden12,0,0,8,8
Anari,0,0,8,8
anwfragma,0,0,8,8
AR7,0,0,8,8
Avista,0,0,8,8
Balo45TheGod,0,0,8,8
Berin,0,0,8,8
BLAUMANTEL,0,0,8,8
Bloopeh,0,0,8,8
Carnage,0,0,8,8
Cegl34,0,0,8,8
Cganta,0,0,8,8
CGPicasso,0,0,8,8
Chase,0,0,8,8
CheekyMonkey,0,0,8,8
Chronos1221,0,0,8,8
CodeNameZip,0,0,8,8
crash,0,0,8,8
Crixilis,0,0,8,8
cyposian,0,0,8,8
Cyrilv,0,0,8,8
DaffEiri,0,0,8,8
DANGER071,0,0,8,8
DanZack,0,0,8,8
Dash0104,0,0,8,8
deFox,0,0,8,8
Demigod,0,0,8,8
DevouringOne,0,0,8,8
DeXuN,0,0,8,8
DollofCuddy,0,0,8,8
Dunkadoodle,0,0,8,8
eberbass,0,0,8,8
GPT,0,0,8,8
FMR,0,0,8,8
FRiBZi,0,0,8,8
Ginko,0,0,8,8
gorgeous,0,0,8,8
GucciMane,0,0,8,8
HappyMoment,0,0,8,8
Haztlan,0,0,8,8
Healer,0,0,8,8
HellFire,0,0,8,8
Hyoseung,0,0,8,8
icecurve,0,0,8,8
ichi,0,0,8,8
ipipip34,0,0,8,8
jack,0,0,8,8
JeonGoon,0,0,8,8
jetboy,0,0,8,8
Jimbo,0,0,8,8
Johnson,0,0,8,8
Joyker,0,0,8,8
june1171,0,0,8,8
Justpbl0,0,0,8,8
KabiBoy,0,0,8,8
kapersss,0,0,8,8
Kasumir,0,0,8,8
Keymanhs,0,0,8,8
Killeralltop,0,0,8,8
Krozr,0,0,8,8
KrzBill,0,0,8,8
Kyten,0,0,8,8
l33t357,0,0,8,8
LazyTitan,0,0,8,8
LeonidasNada,0,0,8,8
levski1991,0,0,8,8
Levu,0,0,8,8
LuckBox,0,0,8,8
markshire,0,0,8,8
mclovin,0,0,8,8
Mcmkiller,0,0,8,8
MercyHunter,0,0,8,8
Miroha,0,0,8,8
MonaLisaAnn,0,0,8,8
Monster,0,0,8,8
Mpoukovo,0,0,8,8
MrGold,0,0,8,8
Nazadrian,0,0,8,8
Ntinakos,0,0,8,8
POIZN,0,0,8,8
ProminenceOS,0,0,8,8
Pupich,0,0,8,8
qpqpq,0,0,8,8
Raze42,0,0,8,8
ReynzeR,0,0,8,8
RiveraJP,0,0,8,8
Rofreg,0,0,8,8
samue1,0,0,8,8
scaret,0,0,8,8
Seanclops2,0,0,8,8
SHARKY888,0,0,8,8
Shun,0,0,8,8
Soflo,0,0,8,8
soleil,0,0,8,8
SorrowAngel,0,0,8,8
SorryMyBadxd,0,0,8,8
StahpItBlizz,0,0,8,8
StefyBiB,0,0,8,8
Taddel,0,0,8,8
therealone,0,0,8,8
TheThe,0,0,8,8
timothy110,0,0,8,8
Unanswered,0,0,8,8
Volcarona,0,0,8,8
Vonny,0,0,8,8
Vrex,0,0,8,8
Wallfish,0,0,8,8
WhatKa,0,0,8,8
WOMYNDOMYNAT,0,0,8,8
Wuker,0,0,8,8
Xavier,0,0,8,8
Yocto94,0,0,8,8
YS646410125,0,0,8,8
ZeroOrigin,0,0,8,8
рак,0,0,8,8
Юрий72,0,0,8,8
ぼん,0,0,8,8
ロマネスク,0,0,8,8
밍기,0,0,8,8
붕탁인,0,0,8,8
아름아름,0,0,8,8
요정용,0,0,8,8
이츄앙,0,0,8,8
こうちゃん,0,0,8,8
리제,0,0,8,8
제코,0,0,8,8
카르,0,0,8,8
존나뜨거운용광로,0,0,8,8
황금히히카드,0,0,8,8
夜黑,0,0,8,8
安楽岡花火,0,0,8,8
小束褲,0,0,8,8
有人提到花生醬嗎,0,0,8,8
武藤遊戲,0,0,8,8
Ace103,7,0,0,7
ahome,7,0,0,7
AlonEbeli,7,0,0,7
amaze,7,0,0,7
AMUGUNA,7,0,0,7
Animal,7,0,0,7
Antola,7,0,0,7
arcanine,7,0,0,7
ARee,7,0,0,7
beg1shev,7,0,0,7
Bertels,7,0,0,7
C0ntrolBoy,7,0,0,7
CaC,7,0,0,7
calamity,7,0,0,7
cekmara,7,0,0,7
Charzuull,7,0,0,7
Chubo,7,0,0,7
ciprian04q,7,0,0,7
collection,7,0,0,7
CyberSuicide,7,0,0,7
DarkStrikes,7,0,0,7
Fallen,7,0,0,7
Denom,7,0,0,7
drSteveice,7,0,0,7
Duarte,7,0,0,7
elpancho313,7,0,0,7
eZapp,7,0,0,7
FiveEver,7,0,0,7
floboon,7,0,0,7
fotek1231,7,0,0,7
FraTzO,7,0,0,7
Fresneytik,7,0,0,7
Gilgamesh,7,0,0,7
Gluttony,7,0,0,7
GodlyCam,7,0,0,7
GoZoHanBow,7,0,0,7
Hadar,7,0,0,7
HankSchrader,7,0,0,7
hemi,7,0,0,7
Huydzit,7,0,0,7
IIIIIIIIII,7,0,0,7
iJuz,7,0,0,7
J4K,7,0,0,7
JASON,7,0,0,7
jdunnsup,7,0,0,7
Jefry,7,0,0,7
jeronimo42,7,0,0,7
JessePinkman,7,0,0,7
joachimme,7,0,0,7
k2g,7,0,0,7
Kabuo,7,0,0,7
Kaiba,7,0,0,7
KanyeEast,7,0,0,7
Kenex,7,0,0,7
KGo,7,0,0,7
Lavamancer,7,0,0,7
LenaGolovach,7,0,0,7
LFCCaptain,7,0,0,7
Liakoto,7,0,0,7
LoCa,7,0,0,7
Luckysleven,7,0,0,7
MadDemon,7,0,0,7
MCe,7,0,0,7
Mike221942,7,0,0,7
Mimik,7,0,0,7
minoru,7,0,0,7
MrNafikov,7,0,0,7
nattack,7,0,0,7
neverlucky,7,0,0,7
NeWiZZ,7,0,0,7
Oblit,7,0,0,7
oki1,7,0,0,7
Pickles,7,0,0,7
Poloan,7,0,0,7
Powder,7,0,0,7
Prelude,7,0,0,7
PrizmQQQ,7,0,0,7
Qler,7,0,0,7
raayu,7,0,0,7
Raziel,7,0,0,7
RyanBlocks2,7,0,0,7
Saci,7,0,0,7
SamSapper,7,0,0,7
samuel981,7,0,0,7
sebastian,7,0,0,7
Senior5,7,0,0,7
Shiro,7,0,0,7
sjowb00bs,7,0,0,7
thetrueasian,7,0,0,7
Slip,7,0,0,7
SmIlEyOyOyO,7,0,0,7
snickars1998,7,0,0,7
Splitface,7,0,0,7
stvsammy,7,0,0,7
sui,7,0,0,7
SuperNova,7,0,0,7
TATmasterS,7,0,0,7
TeddyisHome,7,0,0,7
Terablade,7,0,0,7
thenjx,7,0,0,7
TheSuperJack,7,0,0,7
Valash,7,0,0,7
TinaJoa,7,0,0,7
TiTiR9,7,0,0,7
TrickyHunter,7,0,0,7
Vapors,7,0,0,7
vcT,7,0,0,7
VIII,7,0,0,7
Violet,7,0,0,7
wademay0514,7,0,0,7
wayne1744,7,0,0,7
WillWu,7,0,0,7
WinterWizard,7,0,0,7
Wolfheart,7,0,0,7
wwong,7,0,0,7
yaiza,7,0,0,7
yavz0r,7,0,0,7
yung,7,0,0,7
ZaboMuteROCK,7,0,0,7
Zaeth,7,0,0,7
zuevtolya,7,0,0,7
くろんち,7,0,0,7
ツイてる娘,7,0,0,7
にぼし,7,0,0,7
공혁준,7,0,0,7
넌나못이겨,7,0,0,7
만반의준비,7,0,0,7
밖을보니,7,0,0,7
별상호,7,0,0,7
부러진목뼈,7,0,0,7
비둘기매직,7,0,0,7
사사쿠레,7,0,0,7
석정음,7,0,0,7
似水無痕,7,0,0,7
我有一把很大的槍,7,0,0,7
翔仔仔,7,0,0,7
夏兒,7,0,0,7
Jun-92,0,7,0,7
2k,0,7,0,7
a3b2c1,0,7,0,7
Abcrst,0,7,0,7
Akogare,0,7,0,7
ALRI,0,7,0,7
Anarchist,0,7,0,7
AOGE,0,7,0,7
ArabNScarab,0,7,0,7
asdqwe,0,7,0,7
Asphyxxious,0,7,0,7
Atythrem,0,7,0,7
Auy,0,7,0,7
awesome,0,7,0,7
Azam,0,7,0,7
BALU,0,7,0,7
Bananaboby88,0,7,0,7
BattleKnee,0,7,0,7
Binj17,0,7,0,7
Bizer,0,7,0,7
black,0,7,0,7
BlackAngel,0,7,0,7
Blackswan,0,7,0,7
Carvabass,0,7,0,7
CleverDonkey,0,7,0,7
Crujecerdos,0,7,0,7
CryBaby,0,7,0,7
daiyu,0,7,0,7
Dartharius,0,7,0,7
desertrabbit,0,7,0,7
Dipalo,0,7,0,7
Dks,0,7,0,7
dmzZyY,0,7,0,7
Drakon,0,7,0,7
EclipseJL,0,7,0,7
elasalice,0,7,0,7
Emanon,0,7,0,7
Eon,0,7,0,7
Ericorn,0,7,0,7
evans,0,7,0,7
ex00r,0,7,0,7
ExonaToR,0,7,0,7
fearsyndrome,0,7,0,7
Flock,0,7,0,7
fr4nky222,0,7,0,7
Fransman,0,7,0,7
fredo,0,7,0,7
Freywind,0,7,0,7
Ganius,0,7,0,7
GIVEMERICE,0,7,0,7
gottagofarm,0,7,0,7
GR2,0,7,0,7
Grandepaci,0,7,0,7
Grefn,0,7,0,7
Gregoriusil,0,7,0,7
Guillecilla,0,7,0,7
Haaa,0,7,0,7
hallo,0,7,0,7
Hartia,0,7,0,7
Haruchai,0,7,0,7
hasumai,0,7,0,7
Hellrazor,0,7,0,7
Hêyy,0,7,0,7
HGSuper,0,7,0,7
HINBB,0,7,0,7
hiromipom,0,7,0,7
Honeybee,0,7,0,7
Inis,0,7,0,7
Intruso,0,7,0,7
ipolito,0,7,0,7
itai124,0,7,0,7
ITH,0,7,0,7
Ivictus,0,7,0,7
Iwangor,0,7,0,7
jackWOOD,0,7,0,7
jbagent,0,7,0,7
JING,0,7,0,7
Kaa,0,7,0,7
KarTWii,0,7,0,7
Kasinova,0,7,0,7
KEZH,0,7,0,7
Kim,0,7,0,7
KingVenom,0,7,0,7
kksp,0,7,0,7
kolla,0,7,0,7
Konrad,0,7,0,7
koroneko,0,7,0,7
Larche,0,7,0,7
LeeAnn,0,7,0,7
Leps,0,7,0,7
lll,0,7,0,7
LOLCR4FT,0,7,0,7
Lonely,0,7,0,7
Loxodontes,0,7,0,7
Luxik,0,7,0,7
Luxor,0,7,0,7
machin,0,7,0,7
Malefico1997,0,7,0,7
MasterClutch,0,7,0,7
Mavee,0,7,0,7
Misaks,0,7,0,7
MoDDi,0,7,0,7
moria,0,7,0,7
Mortys,0,7,0,7
Mygo,0,7,0,7
nagatoevol,0,7,0,7
Naks,0,7,0,7
Naythin,0,7,0,7
NeS,0,7,0,7
Notorioustlp,0,7,0,7
NPcraft,0,7,0,7
Nylaxina,0,7,0,7
Oktendoo,0,7,0,7
OroboroNinja,0,7,0,7
pablete92,0,7,0,7
Pataclop,0,7,0,7
Pelat,0,7,0,7
Ponta,0,7,0,7
pretor,0,7,0,7
R41Raphael,0,7,0,7
rajta,0,7,0,7
Rebornking64,0,7,0,7
RedBull22,0,7,0,7
Rhapsody,0,7,0,7
Rodek32,0,7,0,7
RonMexico,0,7,0,7
rrken,0,7,0,7
sentist,0,7,0,7
SeongYun,0,7,0,7
shadowthief,0,7,0,7
shoocry,0,7,0,7
Shou,0,7,0,7
Sign123,0,7,0,7
Silberzerg,0,7,0,7
sodium,0,7,0,7
SoTired,0,7,0,7
Spiral,0,7,0,7
Spooge,0,7,0,7
starplatinum,0,7,0,7
starwars7,0,7,0,7
tamy0695,0,7,0,7
Tom,0,7,0,7
Trasga,0,7,0,7
trynda,0,7,0,7
Tubad,0,7,0,7
Twi,0,7,0,7
UCanCallMeAl,0,7,0,7
vadoff,0,7,0,7
Vejvyk,0,7,0,7
Venice,0,7,0,7
Victarion,0,7,0,7
vino12,0,7,0,7
Vitaox,0,7,0,7
Vlahh,0,7,0,7
Vod1e,0,7,0,7
WeeaboAF,0,7,0,7
wonjun,0,7,0,7
woziny,0,7,0,7
wynn,0,7,0,7
XPZ,0,7,0,7
YatogamiMO,0,7,0,7
YetUnbowed,0,7,0,7
ZePilas,0,7,0,7
Zhotan,0,7,0,7
zlofany,0,7,0,7
Zygfryd,0,7,0,7
ВенВунДарВун,0,7,0,7
カメラリバース,0,7,0,7
さえつ,0,7,0,7
개박살,0,7,0,7
궁니르,0,7,0,7
노우영,0,7,0,7
도적왕,0,7,0,7
로티플,0,7,0,7
웅이,0,7,0,7
원빈,0,7,0,7
유리창,0,7,0,7
잠실퐁퐁,0,7,0,7
폴리스,0,7,0,7
한쿡은조흔나라,0,7,0,7
小三明治,0,7,0,7
張小貓,0,7,0,7
我是小腸喔,0,7,0,7
我會殺死你,0,7,0,7
澄海,0,7,0,7
焦糖檸檬,0,7,0,7
蓨云沄,0,7,0,7
蹦蹦熊,0,7,0,7
金門沃維克,0,7,0,7
雷克薩,0,7,0,7
鼎王麻辣鍋,0,7,0,7
Ackeros,0,0,7,7
Alkaige,0,0,7,7
Alteex,0,0,7,7
Amgl,0,0,7,7
AMJ,0,0,7,7
AndreiRO,0,0,7,7
ANOTHERA,0,0,7,7
Answ11r,0,0,7,7
Avelline,0,0,7,7
Ballero,0,0,7,7
BigBOOp,0,0,7,7
Blank,0,0,7,7
Blaz,0,0,7,7
Burningtree,0,0,7,7
C1trus,0,0,7,7
cahasramen,0,0,7,7
cha,0,0,7,7
Choubav,0,0,7,7
Coimbra,0,0,7,7
Cream,0,0,7,7
Crossover,0,0,7,7
Dakori,0,0,7,7
Danduhlion,0,0,7,7
Deepity,0,0,7,7
DestiNnNy,0,0,7,7
dimazavr1k,0,0,7,7
DingusSlayer,0,0,7,7
Dog8Pig,0,0,7,7
DragoSpettro,0,0,7,7
DrGonzo,0,0,7,7
Durokacki98,0,0,7,7
Dutchman,0,0,7,7
DuVlad,0,0,7,7
eastwinTW,0,0,7,7
Eclairvert,0,0,7,7
Eldritch,0,0,7,7
Empty,0,0,7,7
Entërra,0,0,7,7
ePapyrus,0,0,7,7
epicNecro,0,0,7,7
EspressoS,0,0,7,7
ESTROGEN,0,0,7,7
évoli,0,0,7,7
Exilsior,0,0,7,7
Exterminor,0,0,7,7
Feo,0,0,7,7
FESTERING,0,0,7,7
FlasherXSan,0,0,7,7
FRID,0,0,7,7
Gio,0,0,7,7
Gordão,0,0,7,7
Gunner103,0,0,7,7
Haikufuku,0,0,7,7
ham1k,0,0,7,7
heisbckx,0,0,7,7
HidingTroll,0,0,7,7
HighQueenJim,0,0,7,7
Hypester,0,0,7,7
ilovenono,0,0,7,7
Ishibashi,0,0,7,7
ISShin,0,0,7,7
Jokuyo,0,0,7,7
Junjun99,0,0,7,7
kikilator,0,0,7,7
Kindful,0,0,7,7
Klein,0,0,7,7
KKTN,0,0,7,7
Klec,0,0,7,7
kokoblok,0,0,7,7
KRUSHER99,0,0,7,7
layzefn,0,0,7,7
Lifestealer,0,0,7,7
LILAC,0,0,7,7
Lol2,0,0,7,7
Lowl,0,0,7,7
LuMb3rJ4cK,0,0,7,7
machi,0,0,7,7
MadCorvus,0,0,7,7
MagicMike,0,0,7,7
MangoNamNam,0,0,7,7
Maximiliano,0,0,7,7
MeowAngel,0,0,7,7
Metamorphose,0,0,7,7
Minister,0,0,7,7
MrSkillx3,0,0,7,7
Nethorus,0,0,7,7
nammon,0,0,7,7
Nephoo,0,0,7,7
NoCareWL,0,0,7,7
noMugop,0,0,7,7
Noremac,0,0,7,7
NotFeike,0,0,7,7
oboogie,0,0,7,7
oh5700,0,0,7,7
Olala,0,0,7,7
oldytseng,0,0,7,7
OpStaR,0,0,7,7
Otomekai,0,0,7,7
Pangya,0,0,7,7
overKgePge,0,0,7,7
Pernoca,0,0,7,7
pokikipo,0,0,7,7
POLJK,0,0,7,7
Punish,0,0,7,7
Qameow,0,0,7,7
qwErey,0,0,7,7
Qwertzu,0,0,7,7
Razbivacha,0,0,7,7
redrufus10,0,0,7,7
Rgc96,0,0,7,7
Sagaz,0,0,7,7
Sayha,0,0,7,7
Shaka,0,0,7,7
SieraN,0,0,7,7
Silverwind,0,0,7,7
Sindo,0,0,7,7
skorek,0,0,7,7
SNOWZY,0,0,7,7
Sozzol,0,0,7,7
SpacenuGGet,0,0,7,7
sqvfnwlxdke1,0,0,7,7
Stelvesse,0,0,7,7
Stranger,0,0,7,7
Tabach,0,0,7,7
taesin,0,0,7,7
Takto,0,0,7,7
Th3RaT,0,0,7,7
TheTaaque,0,0,7,7
TimeToFight,0,0,7,7
toolakea,0,0,7,7
trivial,0,0,7,7
Trotter,0,0,7,7
tsaiboy,0,0,7,7
Ulysse,0,0,7,7
Unequaled,0,0,7,7
Unreal,0,0,7,7
Virus,0,0,7,7
Vomitory,0,0,7,7
Vortex,0,0,7,7
WOWENFO,0,0,7,7
wuzhypeking,0,0,7,7
XWhyZ,0,0,7,7
yekin,0,0,7,7
Young,0,0,7,7
Yubel,0,0,7,7
ВоинСвета,0,0,7,7
あきさく,0,0,7,7
こーし,0,0,7,7
じゅんや,0,0,7,7
セップ,0,0,7,7
김첨지,0,0,7,7
뉴도,0,0,7,7
레오메린,0,0,7,7
려관주인,0,0,7,7
매직팬티,0,0,7,7
무아의경지,0,0,7,7
민도오르,0,0,7,7
병장,0,0,7,7
승냥이,0,0,7,7
신고된바세린,0,0,7,7
안티어그로,0,0,7,7
유워리,0,0,7,7
준거리,0,0,7,7
하늘의,0,0,7,7
冰淇淋,0,0,7,7
安安喵星人,0,0,7,7
慕容紫音,0,0,7,7
心流似水,0,0,7,7
水晶,0,0,7,7
海灣大師,0,0,7,7
索爾,0,0,7,7
車干可可,0,0,7,7
迎風翱翔,0,0,7,7
鈴木の刺身,0,0,7,7
Acca,6,0,0,6
Again,6,0,0,6
Agenbyte,6,0,0,6
AidenTrubel,6,0,0,6
Akshar,6,0,0,6
Alekhaiser,6,0,0,6
AlwaysAwake,6,0,0,6
ArsenGov,6,0,0,6
ATP,6,0,0,6
AujaUngandiz,6,0,0,6
AZSwim,6,0,0,6
Azucatcultis,6,0,0,6
Bankai,6,0,0,6
BARBARR,6,0,0,6
Blf,6,0,0,6
Bob,6,0,0,6
BodzioHERE,6,0,0,6
boondog13,6,0,0,6
Bragi,6,0,0,6
BrainCox,6,0,0,6
Bumba,6,0,0,6
Bvllet,6,0,0,6
Cagey,6,0,0,6
Catalinna,6,0,0,6
Cawblade,6,0,0,6
CCY,6,0,0,6
ChangSooKun,6,0,0,6
Chaspyr,6,0,0,6
Chen,6,0,0,6
ChenKuN,6,0,0,6
cockroach,6,0,0,6
commix,6,0,0,6
CoolCat,6,0,0,6
Crqb,6,0,0,6
darkdeno,6,0,0,6
DenSnubben,6,0,0,6
Destclout,6,0,0,6
dixxxed,6,0,0,6
DjMou,6,0,0,6
Djodref,6,0,0,6
Dmazza,6,0,0,6
DoctorDijon,6,0,0,6
Dodje,6,0,0,6
DragosTrex,6,0,0,6
DREADICUS,6,0,0,6
DrGregMrCoco,6,0,0,6
Duup,6,0,0,6
EasyMoney,6,0,0,6
edro,6,0,0,6
Escalop2din2,6,0,0,6
Ever,6,0,0,6
EXCEL,6,0,0,6
fateplsf,6,0,0,6
Fedor,6,0,0,6
Felipeyukige,6,0,0,6
Ferrumss,6,0,0,6
Fiedi,6,0,0,6
FizzyElf,6,0,0,6
FlayS,6,0,0,6
Flowcus23,6,0,0,6
Fractal,6,0,0,6
funguy,6,0,0,6
fuya02,6,0,0,6
gambit,6,0,0,6
Geniale,6,0,0,6
Glys,6,0,0,6
Gneck,6,0,0,6
godlife,6,0,0,6
Goliath59nph,6,0,0,6
Gonzalezx,6,0,0,6
Goodfeller,6,0,0,6
guDDummit,6,0,0,6
GuiB,6,0,0,6
HakanTR,6,0,0,6
Hakua,6,0,0,6
hapless,6,0,0,6
Harker89Roma,6,0,0,6
HearthVader,6,0,0,6
Hellscream,6,0,0,6
Hey,6,0,0,6
Hiei,6,0,0,6
how2rng,6,0,0,6
HurricaneBzz,6,0,0,6
HyperG,6,0,0,6
Iam8ga,6,0,0,6
iffy,6,0,0,6
ImmortalLion,6,0,0,6
iNpG,6,0,0,6
Inzz,6,0,0,6
Issum,6,0,0,6
Ivan,6,0,0,6
JakeKg,6,0,0,6
JawMan,6,0,0,6
JSM,6,0,0,6
Jermud,6,0,0,6
JGOD,6,0,0,6
Jigsaw,6,0,0,6
JMJ,6,0,0,6
Jobek,6,0,0,6
jojo,6,0,0,6
jugg,6,0,0,6
Justwe,6,0,0,6
Kaisercillo,6,0,0,6
Kalzul,6,0,0,6
KeyJohns,6,0,0,6
Keyseroy,6,0,0,6
Khalya,6,0,0,6
Kinya,6,0,0,6
KnightOmsk,6,0,0,6
Knockker,6,0,0,6
Korver,6,0,0,6
Kuba,6,0,0,6
Kubero,6,0,0,6
Lawfuldog,6,0,0,6
LeCandy,6,0,0,6
leopold,6,0,0,6
Liczesso,6,0,0,6
llIIllIIllII,6,0,0,6
Lostcoz,6,0,0,6
maggro,6,0,0,6
makar,6,0,0,6
manekin,6,0,0,6
Marco,6,0,0,6
marcoshadow,6,0,0,6
Mattis,6,0,0,6
mensou,6,0,0,6
MIAYAK,6,0,0,6
MIK,6,0,0,6
Mikelawlz,6,0,0,6
Miniabni,6,0,0,6
Mise,6,0,0,6
moimeme07,6,0,0,6
Mowah,6,0,0,6
Mr7ongkok,6,0,0,6
Mrlegros,6,0,0,6
Mrozek,6,0,0,6
Mysterious,6,0,0,6
Myyah,6,0,0,6
NarcissiSam,6,0,0,6
NemoTW,6,0,0,6
NeonNet,6,0,0,6
nerd,6,0,0,6
NicerCoolkid,6,0,0,6
NightFox,6,0,0,6
NightHunter,6,0,0,6
Nito,6,0,0,6
Nitronium,6,0,0,6
NLFloris,6,0,0,6
noidea83,6,0,0,6
NojhaX,6,0,0,6
nt20,6,0,0,6
O551,6,0,0,6
OozeGoblin,6,0,0,6
Opopop,6,0,0,6
Own3r,6,0,0,6
PeaceHawk,6,0,0,6
Pecca,6,0,0,6
PechitosMcTe,6,0,0,6
PeeHole,6,0,0,6
petipetimode,6,0,0,6
pewpewurface,6,0,0,6
Phaidas,6,0,0,6
Phazure,6,0,0,6
pikur666,6,0,0,6
Pingvin87,6,0,0,6
playet,6,0,0,6
polemono,6,0,0,6
Porco,6,0,0,6
PPY,6,0,0,6
Praximus,6,0,0,6
Privet,6,0,0,6
puffin,6,0,0,6
PwndByJeff,6,0,0,6
Quiros2211,6,0,0,6
Racket,6,0,0,6
RafRaf,6,0,0,6
Ragnarr,6,0,0,6
Reach,6,0,0,6
RedAmour,6,0,0,6
Redsox,6,0,0,6
Rene,6,0,0,6
Rey,6,0,0,6
RoB,6,0,0,6
Rogue,6,0,0,6
RosaPony,6,0,0,6
RQuichotte,6,0,0,6
RuinBlack,6,0,0,6
Rws,6,0,0,6
Ryusei,6,0,0,6
Saperius,6,0,0,6
Sarlak,6,0,0,6
Sazuru,6,0,0,6
Seochang,6,0,0,6
SGZIYI,6,0,0,6
ShaggyBadger,6,0,0,6
ShanBOBO,6,0,0,6
ShowTime,6,0,0,6
SlaveOfTinaa,6,0,0,6
SmilePlayer,6,0,0,6
SonLenonidas,6,0,0,6
SONSANG,6,0,0,6
StonedHeart,6,0,0,6
Stoyven,6,0,0,6
Strabent,6,0,0,6
sunfish,6,0,0,6
TEESMO,6,0,0,6
tempest,6,0,0,6
TerriEN,6,0,0,6
Tessla,6,0,0,6
TheBannedMan,6,0,0,6
Thskx,6,0,0,6
Tiësta,6,0,0,6
Timus,6,0,0,6
tongavittone,6,0,0,6
TooMuchInfo,6,0,0,6
Topych,6,0,0,6
Trafalgar,6,0,0,6
TRAX,6,0,0,6
Tvebakke,6,0,0,6
VanDerAdi,6,0,0,6
varga1221,6,0,0,6
Vitamin,6,0,0,6
Vollmilch,6,0,0,6
winstonerule,6,0,0,6
Wolfie,6,0,0,6
WumboStyle,6,0,0,6
Xazovoutis,6,0,0,6
Xerico34,6,0,0,6
yhoyo,6,0,0,6
Yihong,6,0,0,6
yoguru,6,0,0,6
YYJay,6,0,0,6
ZaaR,6,0,0,6
Среброкрыл,6,0,0,6
СынСобаки,6,0,0,6
あさださん,6,0,0,6
かかし,6,0,0,6
しらいし,6,0,0,6
たくみ,6,0,0,6
トッティー,6,0,0,6
Zera,6,0,0,6
Zoro,6,0,0,6
МодныйТигр,6,0,0,6
랩퍼왕,6,0,0,6
믹서기육천원,6,0,0,6
반짝이는바지,6,0,0,6
불한당,6,0,0,6
생각하면진다,6,0,0,6
소심한마술사,6,0,0,6
시포르,6,0,0,6
씨익,6,0,0,6
어쩌다가이렇게,6,0,0,6
오일로트,6,0,0,6
김첨지님,6,0,0,6
열랩전사,6,0,0,6
완두행님,6,0,0,6
웅이아빠,6,0,0,6
지수킹,6,0,0,6
찬마우,6,0,0,6
플루이스,6,0,0,6
하청업자,6,0,0,6
홀덤,6,0,0,6
大甲瑞哥,6,0,0,6
慕蓉紫音,6,0,0,6
테사기,6,0,0,6
파란도깨비,6,0,0,6
不會補血的補師,6,0,0,6
流氓軍師,6,0,0,6
王胖,6,0,0,6
聖殿之吻,6,0,0,6
臭宅笑嘻嘻,6,0,0,6
艾史帕達,6,0,0,6
鄒丞祈打不贏我,6,0,0,6
雨落天無情,6,0,0,6
黃信源,6,0,0,6
湯瑪士,6,0,0,6
鬼神翼,6,0,0,6
Adams,0,6,0,6
Adisan,0,6,0,6
AgraveiN,0,6,0,6
Aidan,0,6,0,6
Akz,0,6,0,6
aleboo,0,6,0,6
Alex,0,6,0,6
AllanAllan,0,6,0,6
Altoid,0,6,0,6
Amarrion,0,6,0,6
Ankake,0,6,0,6
Applecat,0,6,0,6
Artorias,0,6,0,6
ArtToss,0,6,0,6
Astra,0,6,0,6
Atepei,0,6,0,6
Athen,0,6,0,6
Aznislander,0,6,0,6
Babylon,0,6,0,6
BadBoy,0,6,0,6
barah,0,6,0,6
basb,0,6,0,6
bastian,0,6,0,6
Bennet,0,6,0,6
BestInWorld,0,6,0,6
BestLeeder,0,6,0,6
Bif,0,6,0,6
bigboiibell,0,6,0,6
BIGEldrazi,0,6,0,6
binhmighty,0,6,0,6
Blinded,0,6,0,6
Bluduel,0,6,0,6
bluNtt,0,6,0,6
Boutis,0,6,0,6
Boxxyhaha,0,6,0,6
Bracken,0,6,0,6
Brilthor,0,6,0,6
brisk,0,6,0,6
BuckNastyZB,0,6,0,6
Budilicious,0,6,0,6
buffaloo,0,6,0,6
Byakuran,0,6,0,6
Cairne,0,6,0,6
caladbolg,0,6,0,6
Camtori,0,6,0,6
Canth,0,6,0,6
Capilano,0,6,0,6
CaptainAhab,0,6,0,6
CarLuDee,0,6,0,6
Cassadira,0,6,0,6
chestnut,0,6,0,6
Cinoowski,0,6,0,6
CKP,0,6,0,6
closedbook,0,6,0,6
Corgi,0,6,0,6
Cr4nky,0,6,0,6
Craiden,0,6,0,6
CrimsonHoror,0,6,0,6
Crumoet,0,6,0,6
Crumtastic,0,6,0,6
Cryme,0,6,0,6
cultimator,0,6,0,6
D3V1L,0,6,0,6
dafjbomb,0,6,0,6
darkasy,0,6,0,6
DarkMan,0,6,0,6
Darkwonyx,0,6,0,6
DarkX,0,6,0,6
DarthPotater,0,6,0,6
Dawn,0,6,0,6
DeepVacuum,0,6,0,6
Devilzish,0,6,0,6
devlinx4,0,6,0,6
dhkim,0,6,0,6
dhoine,0,6,0,6
Di3Hard,0,6,0,6
Diesel,0,6,0,6
Dippy,0,6,0,6
Direct,0,6,0,6
dkonayuki,0,6,0,6
DODOBIRD,0,6,0,6
Dolory,0,6,0,6
Dragonspirit,0,6,0,6
DreAm,0,6,0,6
DrewStar,0,6,0,6
Drhill,0,6,0,6
edelWeise,0,6,0,6
Elador,0,6,0,6
Eldaris,0,6,0,6
Emelyn,0,6,0,6
emu,0,6,0,6
Enemy,0,6,0,6
enishika,0,6,0,6
Envy,0,6,0,6
Ericeeeat,0,6,0,6
Erikstoff,0,6,0,6
esuesu,0,6,0,6
Esurio,0,6,0,6
Evergrey,0,6,0,6
EvgeniyMist,0,6,0,6
Eviler,0,6,0,6
EvilSky,0,6,0,6
Exus,0,6,0,6
Ezaurt,0,6,0,6
Ezay,0,6,0,6
FallnServant,0,6,0,6
Fear,0,6,0,6
fidey,0,6,0,6
findadream,0,6,0,6
Finrodas,0,6,0,6
Foal,0,6,0,6
Frank,0,6,0,6
Franpedre,0,6,0,6
FrantiQ,0,6,0,6
fred,0,6,0,6
FrostWOLF,0,6,0,6
Funn1que,0,6,0,6
FutureShock,0,6,0,6
Game,0,6,0,6
Gany,0,6,0,6
Garen,0,6,0,6
Gembofresh,0,6,0,6
GENE2QU,0,6,0,6
GGGame,0,6,0,6
Ghotus,0,6,0,6
Gigaduckman,0,6,0,6
Gimule,0,6,0,6
Giorlio,0,6,0,6
gkemper213,0,6,0,6
Godbyal,0,6,0,6
goFASTERplz,0,6,0,6
GoldenSpirit,0,6,0,6
Goratheon,0,6,0,6
GORILA,0,6,0,6
GrandInq,0,6,0,6
grnikos,0,6,0,6
gulsnö,0,6,0,6
Gyuny,0,6,0,6
Habugabu,0,6,0,6
Hades,0,6,0,6
hahapaha,0,6,0,6
HalfLife,0,6,0,6
halfstoned,0,6,0,6
harrywhat,0,6,0,6
HAYATA,0,6,0,6
Heart,0,6,0,6
hehehe,0,6,0,6
heive,0,6,0,6
Heka,0,6,0,6
Heleo,0,6,0,6
HighRoller,0,6,0,6
Hobbes,0,6,0,6
Hoganator,0,6,0,6
hornets,0,6,0,6
HoudnsHoudn,0,6,0,6
HowtoPlay,0,6,0,6
hoya,0,6,0,6
IceGerg,0,6,0,6
ICHIROOOOOOO,0,6,0,6
iCore,0,6,0,6
ik0,0,6,0,6
ik4rus,0,6,0,6
ImJoy,0,6,0,6
INA,0,6,0,6
IneqPR,0,6,0,6
iSkeezy,0,6,0,6
Istari,0,6,0,6
Itsmi,0,6,0,6
Ivrog,0,6,0,6
JaceBeleren,0,6,0,6
jacksze,0,6,0,6
JAM,0,6,0,6
Javardo,0,6,0,6
jeldarok,0,6,0,6
JesusCoke,0,6,0,6
jiajia88,0,6,0,6
JK47,0,6,0,6
JoblessLeo,0,6,0,6
JoJo,0,6,0,6
Joojz,0,6,0,6
JoStar,0,6,0,6
Jotosha,0,6,0,6
K1NG,0,6,0,6
KainBee,0,6,0,6
Kaitoio,0,6,0,6
Kaway,0,6,0,6
Kay,0,6,0,6
kecao,0,6,0,6
Keuhn,0,6,0,6
Khor,0,6,0,6
KiIIertomatO,0,6,0,6
kimsky3,0,6,0,6
kitetsu,0,6,0,6
Kiznaiver,0,6,0,6
kndzqt,0,6,0,6
Kobe24,0,6,0,6
Kociałke,0,6,0,6
Koendra,0,6,0,6
Koizumi,0,6,0,6
komjongil,0,6,0,6
Konstantin,0,6,0,6
Korea,0,6,0,6
Kougetsu,0,6,0,6
KOY,0,6,0,6
Krabat,0,6,0,6
Krabokrab,0,6,0,6
Krewz,0,6,0,6
Kroos,0,6,0,6
krsoon,0,6,0,6
Kuna,0,6,0,6
Kuroko,0,6,0,6
kykounet,0,6,0,6
Kyrozlol,0,6,0,6
LaLoose,0,6,0,6
Lamerok,0,6,0,6
lantis,0,6,0,6
Laser2,0,6,0,6
Lassetor,0,6,0,6
leaf,0,6,0,6
Lelouch,0,6,0,6
Leonardo,0,6,0,6
Liooo45,0,6,0,6
Listener,0,6,0,6
LittleBoy,0,6,0,6
LittleMo,0,6,0,6
Loadinggggg,0,6,0,6
LordCockatoo,0,6,0,6
LoRdHacKilL,0,6,0,6
Lsbmorn,0,6,0,6
LucasSlip,0,6,0,6
Lunatix,0,6,0,6
lxlxlxlxl,0,6,0,6
Lyla,0,6,0,6
m4rble,0,6,0,6
MacGuffin,0,6,0,6
mada,0,6,0,6
Mada,0,6,0,6
MAENG9,0,6,0,6
Magic,0,6,0,6
Magirl,0,6,0,6
Maikage,0,6,0,6
Malfeas,0,6,0,6
mallasorte,0,6,0,6
mantis,0,6,0,6
March,0,6,0,6
MaRcUzZ93,0,6,0,6
mariodept,0,6,0,6
mark1991,0,6,0,6
Marusak,0,6,0,6
masamune,0,6,0,6
Mathieu,0,6,0,6
Mati,0,6,0,6
MATPOCKuH,0,6,0,6
MaxCaulfield,0,6,0,6
MaxFire,0,6,0,6
Maxneptune,0,6,0,6
Meesie6x6,0,6,0,6
Mentalist,0,6,0,6
MightyBonBon,0,6,0,6
mikan,0,6,0,6
MikeHF,0,6,0,6
Mimics,0,6,0,6
ming,0,6,0,6
MinKookPark,0,6,0,6
Mizrock,0,6,0,6
monheo,0,6,0,6
MousexD,0,6,0,6
MrMime,0,6,0,6
N8Money,0,6,0,6
nagu,0,6,0,6
Nairod,0,6,0,6
nautara,0,6,0,6
Nere,0,6,0,6
Nevo,0,6,0,6
nic,0,6,0,6
nifu,0,6,0,6
NightStalker,0,6,0,6
Niks,0,6,0,6
Nimbex,0,6,0,6
Noctilucent,0,6,0,6
NoSpace,0,6,0,6
Nova,0,6,0,6
Nyx,0,6,0,6
ochaduke,0,6,0,6
okitsu,0,6,0,6
oleja,0,6,0,6
OokieoO,0,6,0,6
OOLONG,0,6,0,6
Opera,0,6,0,6
orange,0,6,0,6
orthonormal,0,6,0,6
ozankiller,0,6,0,6
PabeMaster,0,6,0,6
PadrePio,0,6,0,6
pandom,0,6,0,6
Pantalone,0,6,0,6
PatatasBrava,0,6,0,6
Patuljak,0,6,0,6
Pawèu,0,6,0,6
PDeS,0,6,0,6
Pete,0,6,0,6
Petko,0,6,0,6
Phurin,0,6,0,6
Picora,0,6,0,6
Piggeh,0,6,0,6
plokm,0,6,0,6
porkmypig,0,6,0,6
Potok,0,6,0,6
Powerslave,0,6,0,6
Pratap,0,6,0,6
Previl,0,6,0,6
PrismWeapon,0,6,0,6
qjatn1603,0,6,0,6
Quantummart,0,6,0,6
R3nZiO,0,6,0,6
RabidWombat,0,6,0,6
rafafou,0,6,0,6
railgun,0,6,0,6
Raven,0,6,0,6
Raz,0,6,0,6
Recently,0,6,0,6
Register,0,6,0,6
RenoJackson,0,6,0,6
Riko,0,6,0,6
Rockid,0,6,0,6
Rozz,0,6,0,6
Saneezy,0,6,0,6
sasharabenok,0,6,0,6
Sattors,0,6,0,6
Sausage,0,6,0,6
Savitar,0,6,0,6
Scarlet,0,6,0,6
Seifé,0,6,0,6
Seiku,0,6,0,6
Serzhul,0,6,0,6
SetsunaOgiso,0,6,0,6
Sevenril,0,6,0,6
SFB,0,6,0,6
ShadowDragon,0,6,0,6
Shentley,0,6,0,6
Shining,0,6,0,6
ShiNoHana,0,6,0,6
shoka,0,6,0,6
shy,0,6,0,6
SilentSword,0,6,0,6
Sinkids61,0,6,0,6
SirKloster,0,6,0,6
SiSMOKiNG,0,6,0,6
Skillpower,0,6,0,6
Skod,0,6,0,6
SleepyEye,0,6,0,6
Slimsch,0,6,0,6
Slytha,0,6,0,6
SmthWicked,0,6,0,6
SoGaBe,0,6,0,6
SOLOFENG,0,6,0,6
Someguy,0,6,0,6
Sonic,0,6,0,6
Sonny,0,6,0,6
Spasm,0,6,0,6
SSAU,0,6,0,6
Stabbotsford,0,6,0,6
starrats,0,6,0,6
steph,0,6,0,6
stinson,0,6,0,6
Stoppedby,0,6,0,6
Strongwilled,0,6,0,6
StS10,0,6,0,6
suferno,0,6,0,6
SweetSay,0,6,0,6
Sypsioh,0,6,0,6
tak,0,6,0,6
TaMaDu,0,6,0,6
Tara,0,6,0,6
TAROS,0,6,0,6
Terranoise,0,6,0,6
Thatdylankid,0,6,0,6
THECARBOMB,0,6,0,6
Thecrazynerd,0,6,0,6
THEGOD,0,6,0,6
THEORY,0,6,0,6
TIKtarr,0,6,0,6
tokermon420,0,6,0,6
tokiwagym,0,6,0,6
TomForAiur,0,6,0,6
TooLateToDie,0,6,0,6
totobob,0,6,0,6
Trap,0,6,0,6
Trimutius,0,6,0,6
Trystill,0,6,0,6
Trywithme,0,6,0,6
tsunamylost,0,6,0,6
Tulex,0,6,0,6
tundra,0,6,0,6
Twan,0,6,0,6
Typhüs,0,6,0,6
uleShe,0,6,0,6
UolliHS,0,6,0,6
Valkyrie,0,6,0,6
vDreamyv,0,6,0,6
Verxus,0,6,0,6
vic,0,6,0,6
Volts,0,6,0,6
Walyhoop,0,6,0,6
Wanil,0,6,0,6
Wasteman,0,6,0,6
watemerald,0,6,0,6
Weiss,0,6,0,6
WinterWyvern,0,6,0,6
WinXploit,0,6,0,6
wolfish,0,6,0,6
WowinxX,0,6,0,6
xav33,0,6,0,6
Xenom,0,6,0,6
xN1ghtyZ,0,6,0,6
YaArkasha228,0,6,0,6
yasuo,0,6,0,6
yausaikit,0,6,0,6
Yawgmoth,0,6,0,6
YellowDart,0,6,0,6
Yoshimune,0,6,0,6
Yosu,0,6,0,6
Yotz,0,6,0,6
Yulsic110226,0,6,0,6
yumeya,0,6,0,6
Zargon,0,6,0,6
ZaRtOx,0,6,0,6
Zepp,0,6,0,6
Ziggý,0,6,0,6
Ziplok,0,6,0,6
Zito,0,6,0,6
ziuq,0,6,0,6
Zjaraniec,0,6,0,6
Агалаков,0,6,0,6
Анхоли,0,6,0,6
КАКтус,0,6,0,6
Мыша,0,6,0,6
クワワコクキ,0,6,0,6
ゴリムロ先輩,0,6,0,6
サイス,0,6,0,6
シブカワ,0,6,0,6
デンチ,0,6,0,6
ヒカリ,0,6,0,6
ホリ,0,6,0,6
レプリ,0,6,0,6
각질제거,0,6,0,6
갓네모,0,6,0,6
게임의정석,0,6,0,6
겜만하다뒤질인생,0,6,0,6
경수옹,0,6,0,6
곰돌이사냥꾼푸,0,6,0,6
구건모,0,6,0,6
김별명,0,6,0,6
김세영,0,6,0,6
김촐딱,0,6,0,6
김하늘,0,6,0,6
꺾을수없는의지,0,6,0,6
꼬마땅콩,0,6,0,6
끼코리,0,6,0,6
나인뮤지스,0,6,0,6
냐니뇽,0,6,0,6
너여너여,0,6,0,6
누더긷으딘,0,6,0,6
누런수염,0,6,0,6
다잡아주지스님,0,6,0,6
당신은당해도싸요,0,6,0,6
룰루랄라맨,0,6,0,6
마밸,0,6,0,6
무시무시한바지,0,6,0,6
미쿸에서왔쪄욤,0,6,0,6
박나린,0,6,0,6
버소,0,6,0,6
비정상,0,6,0,6
살려줘퉁퉁아,0,6,0,6
서먹서먹,0,6,0,6
석양이진다,0,6,0,6
셰어스,0,6,0,6
손자,0,6,0,6
슈퍼곰,0,6,0,6
스엉도리,0,6,0,6
시러,0,6,0,6
아타락시아,0,6,0,6
어나인,0,6,0,6
어차피한번,0,6,0,6
얼어붙은개,0,6,0,6
에브라함,0,6,0,6
오카이,0,6,0,6
유슨,0,6,0,6
이게아닌데,0,6,0,6
이게안되네,0,6,0,6
일몰,0,6,0,6
임욱스,0,6,0,6
잘함,0,6,0,6
전과자,0,6,0,6
중산고재학생,0,6,0,6
츄잉껌,0,6,0,6
카로카타,0,6,0,6
케이빈,0,6,0,6
코푼휴지,0,6,0,6
특한,0,6,0,6
티모입었냐,0,6,0,6
폭풍의영웅,0,6,0,6
폴리스쥐,0,6,0,6
하늘,0,6,0,6
호우,0,6,0,6
화전농민,0,6,0,6
황제의반란,0,6,0,6
흐꼬꼬마,0,6,0,6
傳說隨便抽,0,6,0,6
半夢半醒,0,6,0,6
唐老鴨,0,6,0,6
國寶,0,6,0,6
奪命小喵,0,6,0,6
我靠賽60229,0,6,0,6
浪天暮一郎,0,6,0,6
狂魂,0,6,0,6
路西斐爾,0,6,0,6
A2Battleship,0,0,6,6
algae5,0,0,6,6
alper1912,0,0,6,6
Amandinha,0,0,6,6
Andojas,0,0,6,6
ANGEL3,0,0,6,6
Anvil,0,0,6,6
Aperitif,0,0,6,6
Arang,0,0,6,6
Arbiter,0,0,6,6
Arizal,0,0,6,6
Armadyl,0,0,6,6
Aroha,0,0,6,6
Arunos,0,0,6,6
asd,0,0,6,6
Aselles,0,0,6,6
AySean,0,0,6,6
azureg,0,0,6,6
BAKi,0,0,6,6
Baryonyx73,0,0,6,6
BBCZhan,0,0,6,6
Bears,0,0,6,6
Beister,0,0,6,6
Berwin,0,0,6,6
Bjork,0,0,6,6
blacksilver,0,0,6,6
Blanecin,0,0,6,6
Blue,0,0,6,6
BoardKing,0,0,6,6
Bobofats,0,0,6,6
Borria,0,0,6,6
Bozo,0,0,6,6
brandono2000,0,0,6,6
Brakard,0,0,6,6
Bregor,0,0,6,6
ByRolTaX,0,0,6,6
C2onJ,0,0,6,6
Cairrus,0,0,6,6
CaMoo,0,0,6,6
Capricorn,0,0,6,6
CastAway,0,0,6,6
cesarv2,0,0,6,6
cevikatmaca,0,0,6,6
cgsongbird,0,0,6,6
Chan,0,0,6,6
chaosmasterj,0,0,6,6
chion314,0,0,6,6
ClearNpure,0,0,6,6
CN16,0,0,6,6
Code002,0,0,6,6
Come2daddy,0,0,6,6
Condy,0,0,6,6
CookieMwnstr,0,0,6,6
Crasher,0,0,6,6
Cryang,0,0,6,6
CzechCloud,0,0,6,6
D3oxy,0,0,6,6
dark,0,0,6,6
darkgunz,0,0,6,6
Darkstrike,0,0,6,6
Daydreamin,0,0,6,6
Dearwolf,0,0,6,6
dedoslayer,0,0,6,6
Demo,0,0,6,6
Denuvo,0,0,6,6
DerpyTroller,0,0,6,6
DerSkiller,0,0,6,6
Detsui,0,0,6,6
Distance,0,0,6,6
Doaibu,0,0,6,6
DoubleT,0,0,6,6
Dovi,0,0,6,6
Drained1121,0,0,6,6
Drakemond,0,0,6,6
DrGreenthumb,0,0,6,6
DrigoTDragon,0,0,6,6
drk2704,0,0,6,6
Durotan,0,0,6,6
dwarfthrower,0,0,6,6
Electrode,0,0,6,6
Elfus,0,0,6,6
Elite,0,0,6,6
ellbee,0,0,6,6
Emblitz,0,0,6,6
EMEm,0,0,6,6
Emetos,0,0,6,6
Eodl,0,0,6,6
EricCantona7,0,0,6,6
Escalate,0,0,6,6
ESSKEET1T,0,0,6,6
Evdam,0,0,6,6
F3L1XMSV,0,0,6,6
FaceHunter,0,0,6,6
Fatal1st,0,0,6,6
Fernandomc,0,0,6,6
FieryFrog,0,0,6,6
Fixunchaind,0,0,6,6
flaxeau,0,0,6,6
Flob,0,0,6,6
Floopz,0,0,6,6
Flyingdutch,0,0,6,6
folen,0,0,6,6
fortunely,0,0,6,6
fragias,0,0,6,6
Frenetic,0,0,6,6
Fresh,0,0,6,6
Frixi,0,0,6,6
Froggy,0,0,6,6
Frozen,0,0,6,6
Fsalgado30,0,0,6,6
FTILOURIS,0,0,6,6
FUEL,0,0,6,6
FunkyGoblin2,0,0,6,6
Gacib,0,0,6,6
GamerDude,0,0,6,6
GhostDog,0,0,6,6
GhostDragon,0,0,6,6
GoatDude,0,0,6,6
Godofredo,0,0,6,6
Gosh,0,0,6,6
GreatD,0,0,6,6
grg,0,0,6,6
grimmzero,0,0,6,6
Guuidias,0,0,6,6
Hans777,0,0,6,6
Hechima,0,0,6,6
HellPriest,0,0,6,6
Hero,0,0,6,6
Hikachu,0,0,6,6
hint24,0,0,6,6
Hoosierdaddy,0,0,6,6
hoshinatto,0,0,6,6
HotTeriyaki,0,0,6,6
Humble,0,0,6,6
Huuu,0,0,6,6
hypnotoxic,0,0,6,6
igorcosta,0,0,6,6
ikope,0,0,6,6
ilyminat17,0,0,6,6
inaho,0,0,6,6
ioio,0,0,6,6
ITO,0,0,6,6
izisan,0,0,6,6
j1n,0,0,6,6
JaceYourself,0,0,6,6
Jack90641,0,0,6,6
JackRito,0,0,6,6
JaguarPygmée,0,0,6,6
JiveTurkey,0,0,6,6
JohNyC,0,0,6,6
juge,0,0,6,6
JustinTime,0,0,6,6
k640,0,0,6,6
Korvus,0,0,6,6
Kozura03,0,0,6,6
KproX,0,0,6,6
ktm565,0,0,6,6
kuo,0,0,6,6
Kuqu,0,0,6,6
Kvazar,0,0,6,6
kyrixx,0,0,6,6
kyuhei,0,0,6,6
Laphone,0,0,6,6
Leandro,0,0,6,6
LeFiN,0,0,6,6
LemonLime,0,0,6,6
Léopold,0,0,6,6
Lestos,0,0,6,6
LilFrenchy,0,0,6,6
Linga24,0,0,6,6
louas,0,0,6,6
LordMaelnik,0,0,6,6
lukas,0,0,6,6
Macaroooon,0,0,6,6
madsox,0,0,6,6
Maies,0,0,6,6
Mamao,0,0,6,6
ManChodi,0,0,6,6
Mark,0,0,6,6
markozgeorge,0,0,6,6
Marph,0,0,6,6
Mars,0,0,6,6
Marz,0,0,6,6
Masewyn,0,0,6,6
MaSiMo,0,0,6,6
Masterok,0,0,6,6
mattia170796,0,0,6,6
maybe623,0,0,6,6
Mazzu,0,0,6,6
McBanterFace,0,0,6,6
Mcgavin,0,0,6,6
Mcmurphy,0,0,6,6
mesterman,0,0,6,6
metalknight,0,0,6,6
MikeRaph,0,0,6,6
Millburn,0,0,6,6
MirrorImage,0,0,6,6
mk0228,0,0,6,6
MonitoJr,0,0,6,6
monzemann,0,0,6,6
Morphos,0,0,6,6
MRBEAN,0,0,6,6
mrb,0,0,6,6
MrDrProfesor,0,0,6,6
muriz,0,0,6,6
murray,0,0,6,6
mybearlove,0,0,6,6
N0tchy,0,0,6,6
nagatei,0,0,6,6
NanSIn,0,0,6,6
nhull,0,0,6,6
NICARAGUA,0,0,6,6
Nickyfoofoo,0,0,6,6
Nikos,0,0,6,6
Nnice,0,0,6,6
nomatt,0,0,6,6
Ocean,0,0,6,6
NoobNahHol,0,0,6,6
NTdarkluffy,0,0,6,6
nyami,0,0,6,6
o0o,0,0,6,6
olesiek123,0,0,6,6
oPAPPASsas,0,0,6,6
Oreles4x,0,0,6,6
Ortus,0,0,6,6
Ost,0,0,6,6
OVERWATCH,0,0,6,6
Palpelo,0,0,6,6
Palu,0,0,6,6
Panthard,0,0,6,6
Pantheon,0,0,6,6
Pemderix,0,0,6,6
Pepel,0,0,6,6
PięknyTygrys,0,0,6,6
piterKID,0,0,6,6
pjs0122,0,0,6,6
pLaG83,0,0,6,6
Plko,0,0,6,6
PocketTrain,0,0,6,6
Prototype007,0,0,6,6
Qmillion,0,0,6,6
rabbit,0,0,6,6
Raki,0,0,6,6
RamenBurger,0,0,6,6
Rammstein,0,0,6,6
RamymaR,0,0,6,6
RaneFild,0,0,6,6
Raugis,0,0,6,6
Reality,0,0,6,6
Reborn,0,0,6,6
Reflection,0,0,6,6
Req,0,0,6,6
Rhymenoceros,0,0,6,6
roma,0,0,6,6
Romanno,0,0,6,6
RScaramussa9,0,0,6,6
Rushia,0,0,6,6
s23ver,0,0,6,6
SadBoy,0,0,6,6
Sahor,0,0,6,6
Sarchimonde,0,0,6,6
saromar,0,0,6,6
ScarletTears,0,0,6,6
sentenza,0,0,6,6
ShotgunPanda,0,0,6,6
shousetuka,0,0,6,6
Shura,0,0,6,6
SilentKnight,0,0,6,6
Sins,0,0,6,6
smeer,0,0,6,6
Sola,0,0,6,6
sorrymywin,0,0,6,6
Sparadrap,0,0,6,6
spekske,0,0,6,6
sprb07,0,0,6,6
ŠpricamuČelo,0,0,6,6
StarryNight,0,0,6,6
Starx,0,0,6,6
Stonekeep,0,0,6,6
Sunnyvale,0,0,6,6
superior,0,0,6,6
SwankyTiger,0,0,6,6
Sylvanus,0,0,6,6
taroimo,0,0,6,6
Technology,0,0,6,6
Teipan,0,0,6,6
Temperanc,0,0,6,6
TerrorLord,0,0,6,6
Teto2197,0,0,6,6
Thaiming,0,0,6,6
TheGame,0,0,6,6
TheKiller4,0,0,6,6
TheSkyes,0,0,6,6
tokusan,0,0,6,6
TopScene,0,0,6,6
totokato,0,0,6,6
Totsugeus,0,0,6,6
TrawnAdmiral,0,0,6,6
Trollallero,0,0,6,6
Trueman,0,0,6,6
tsurugipoke,0,0,6,6
ttigers,0,0,6,6
Tunaconsuma,0,0,6,6
TytantsPoney,0,0,6,6
UKR,0,0,6,6
Ulquiorra,0,0,6,6
Ultima21,0,0,6,6
UnderTheGun,0,0,6,6
Uninvited,0,0,6,6
WolfMack,0,0,6,6
Updog,0,0,6,6
Utoko,0,0,6,6
Verdan,0,0,6,6
vitriel,0,0,6,6
Vose,0,0,6,6
Vuk,0,0,6,6
vvebber0721,0,0,6,6
W1ndu,0,0,6,6
Wayne,0,0,6,6
Weak3,0,0,6,6
Wecc,0,0,6,6
WerQ2K,0,0,6,6
Windfield,0,0,6,6
WITHER,0,0,6,6
Worldchaos,0,0,6,6
Wraith,0,0,6,6
wyz,0,0,6,6
Zaelar,0,0,6,6
zheming,0,0,6,6
XLNT,0,0,6,6
XmasłoX,0,0,6,6
Yen,0,0,6,6
yoGe,0,0,6,6
Zackie001,0,0,6,6
Zany,0,0,6,6
Zappyx,0,0,6,6
ZARY,0,0,6,6
ZeusCloud10,0,0,6,6
ZNick,0,0,6,6
Zoso,0,0,6,6
Zw1ts,0,0,6,6
ЗдраВсТВуйТе,0,0,6,6
КвасныйДворф,0,0,6,6
МерзлыйПес,0,0,6,6
Торилейнз,0,0,6,6
ぎるす,0,0,6,6
サイゼリア,0,0,6,6
サンボンリボン,0,0,6,6
ししゃも,0,0,6,6
じゃがバター,0,0,6,6
しょーしょー,0,0,6,6
もっちょ,0,0,6,6
よすけ,0,0,6,6
갈라져라현실,0,0,6,6
걸레닦이,0,0,6,6
검영,0,0,6,6
겐조,0,0,6,6
고소미,0,0,6,6
みょん,0,0,6,6
거믄색,0,0,6,6
근굥이,0,0,6,6
금자,0,0,6,6
김태연,0,0,6,6
나는싫다,0,0,6,6
다이무스,0,0,6,6
대두,0,0,6,6
델피,0,0,6,6
땅크로리,0,0,6,6
마법노움,0,0,6,6
맥크리티컬,0,0,6,6
메카,0,0,6,6
모카냠냠,0,0,6,6
무시무시한발바닥,0,0,6,6
무작위작명,0,0,6,6
문정모,0,0,6,6
듀리콘,0,0,6,6
박정수,0,0,6,6
비오는수채화,0,0,6,6
사인람간임,0,0,6,6
삼성갤럭시신호,0,0,6,6
상성,0,0,6,6
숙씨,0,0,6,6
쓰랄로전설찍기,0,0,6,6
아무거나해,0,0,6,6
아프리카청춘이다,0,0,6,6
알파치노,0,0,6,6
알파카,0,0,6,6
엄지용,0,0,6,6
에멜,0,0,6,6
엔진이,0,0,6,6
오왠바라기,0,0,6,6
외제니,0,0,6,6
원스,0,0,6,6
유리멘탈,0,0,6,6
읭여,0,0,6,6
아구몽,0,0,6,6
이석천123,0,0,6,6
이스티,0,0,6,6
일다나,0,0,6,6
제마당조,0,0,6,6
지갑전사,0,0,6,6
진행요원,0,0,6,6
청월,0,0,6,6
최재황수제자,0,0,6,6
케빈,0,0,6,6
하쓰,0,0,6,6
丁丁是個人才,0,0,6,6
中壢王已汰,0,0,6,6
亡靈巴龍,0,0,6,6
培偷偷,0,0,6,6
夏雨生,0,0,6,6
奶蓋綠微冰半糖,0,0,6,6
屏東老吳,0,0,6,6
強力貓頭鷹,0,0,6,6
是奶嘴兒,0,0,6,6
東施效顰蘋果汁,0,0,6,6
沒時間跟你玩遊戲,0,0,6,6
煞氣阿翔,0,0,6,6
獨尊,0,0,6,6
羅傑媽媽,0,0,6,6
臭臭地精,0,0,6,6
臭臭武僧,0,0,6,6
蒼崎月,0,0,6,6
蜜蜜,0,0,6,6
街頭起丘特,0,0,6,6
陰天傍晚,0,0,6,6
風中動鳴,0,0,6,6
飆風戰士,0,0,6,6
ACE,5,0,0,5
adiK,5,0,0,5
Albert,5,0,0,5
Aldor,5,0,0,5
Alluna,5,0,0,5
andyrogers,5,0,0,5
AngPwang,5,0,0,5
AnjaMyLove,5,0,0,5
ANTIFUN,5,0,0,5
apu,5,0,0,5
AquaFreeze,5,0,0,5
ASHS146,5,0,0,5
ASL,5,0,0,5
AZN1NJ4,5,0,0,5
AzriTan,5,0,0,5
Bane,5,0,0,5
BeAlvarenga,5,0,0,5
Beholder,5,0,0,5
BryceJar,5,0,0,5
Bubble,5,0,0,5
C4rgo,5,0,0,5
Caballersky,5,0,0,5
Ceredas,5,0,0,5
Chaoseven,5,0,0,5
Chaox,5,0,0,5
Chemagician,5,0,0,5
ChihHe,5,0,0,5
ChongGEr,5,0,0,5
ChronoX,5,0,0,5
CJT,5,0,0,5
CKBandit,5,0,0,5
Climek,5,0,0,5
Convan,5,0,0,5
CooLkAppa,5,0,0,5
Corsair,5,0,0,5
crossfire,5,0,0,5
CusEA,5,0,0,5
DadeBaldie,5,0,0,5
Dalizi,5,0,0,5
dam0202,5,0,0,5
DANIELITOX00,5,0,0,5
Darush,5,0,0,5
dead637,5,0,0,5
DefZ,5,0,0,5
demigod,5,0,0,5
detteiu1227,5,0,0,5
Dieciziete,5,0,0,5
discopotato,5,0,0,5
Dolabella,5,0,0,5
DonVictor,5,0,0,5
Dpr,5,0,0,5
Draemzor,5,0,0,5
Drafter,5,0,0,5
Dredyx,5,0,0,5
Drogo,5,0,0,5
Duckles,5,0,0,5
Dwarm,5,0,0,5
Dzahboss,5,0,0,5
earl,5,0,0,5
Embers,5,0,0,5
Endgame,5,0,0,5
Eugenius,5,0,0,5
Evan,5,0,0,5
Falathar,5,0,0,5
FaMuGong,5,0,0,5
FangXiHua,5,0,0,5
Fello,5,0,0,5
Ferin,5,0,0,5
Fiev,5,0,0,5
FLang,5,0,0,5
Flowzyboyz,5,0,0,5
Floz,5,0,0,5
FlyingHamste,5,0,0,5
Folps,5,0,0,5
Fornari,5,0,0,5
ForTheHorde,5,0,0,5
fotaras,5,0,0,5
freddykuhl,5,0,0,5
Garavel,5,0,0,5
Ghauru,5,0,0,5
GhklerNath,5,0,0,5
Gizmo,5,0,0,5
Go0dman,5,0,0,5
Gobblegobble,5,0,0,5
Goosenotduck,5,0,0,5
GorillaRadio,5,0,0,5
Greentea,5,0,0,5
Hamza,5,0,0,5
Hangsky,5,0,0,5
HAVAJSMURf,5,0,0,5
Heartfilia,5,0,0,5
Herrscher,5,0,0,5
Hisoka,5,0,0,5
Hit,5,0,0,5
hjeong,5,0,0,5
How,5,0,0,5
Ignite,5,0,0,5
Igorberdun,5,0,0,5
integratedc,5,0,0,5
IWannAI,5,0,0,5
j2o,5,0,0,5
james,5,0,0,5
JarlRaven,5,0,0,5
Jax,5,0,0,5
JI9IHLLIu,5,0,0,5
JLB,5,0,0,5
juiz,5,0,0,5
Junkie13,5,0,0,5
JuzamDjinn,5,0,0,5
kailin9,5,0,0,5
Karnage,5,0,0,5
Kedar,5,0,0,5
KhazModan,5,0,0,5
kiiro,5,0,0,5
KimyeongDDi,5,0,0,5
Kin48299,5,0,0,5
KingDongJo,5,0,0,5
Kiryl,5,0,0,5
Knightmare,5,0,0,5
KR2014,5,0,0,5
Krapoo,5,0,0,5
Kratosmaximo,5,0,0,5
Kyroll,5,0,0,5
Legend5,5,0,0,5
LeviathanHS,5,0,0,5
linkinhoi,5,0,0,5
LIVE,5,0,0,5
lolrsauce,5,0,0,5
Lostime,5,0,0,5
Lu3ax,5,0,0,5
LuckshotGG,5,0,0,5
Luukey,5,0,0,5
MaesenP15,5,0,0,5
Mag,5,0,0,5
magichubs,5,0,0,5
Magnechu,5,0,0,5
Maki,5,0,0,5
Malfore,5,0,0,5
MaoKing,5,0,0,5
MasterMixer,5,0,0,5
Matpakke,5,0,0,5
Matvey,5,0,0,5
MeatyOwlLegs,5,0,0,5
Meeshal,5,0,0,5
MeninoZAP,5,0,0,5
Menlyn,5,0,0,5
Mensis,5,0,0,5
mgick,5,0,0,5
Mills,5,0,0,5
Misplaced,5,0,0,5
Missyu,5,0,0,5
Monk1,5,0,0,5
MrÄytour,5,0,0,5
MrGreydel,5,0,0,5
MrLEGO,5,0,0,5
MrQuiz2011,5,0,0,5
ms91b,5,0,0,5
Myn4meis,5,0,0,5
nanosstory,5,0,0,5
NariNari,5,0,0,5
nepiatto,5,0,0,5
Nico,5,0,0,5
Niffler,5,0,0,5
Nik1107,5,0,0,5
nishanta,5,0,0,5
noswett,5,0,0,5
Nourish,5,0,0,5
ObjectStorM,5,0,0,5
olan,5,0,0,5
Onnozel,5,0,0,5
opecon,5,0,0,5
oriole,5,0,0,5
PamelaP,5,0,0,5
paradox,5,0,0,5
PAULOLAX,5,0,0,5
PBenz,5,0,0,5
pekiller,5,0,0,5
Pellinore,5,0,0,5
Pinkhyena,5,0,0,5
Pleok,5,0,0,5
Pozhik,5,0,0,5
Pride,5,0,0,5
prost,5,0,0,5
Qoou,5,0,0,5
QQisadog,5,0,0,5
RachelMYParK,5,0,0,5
Rafoel,5,0,0,5
RaxZergling,5,0,0,5
ren,5,0,0,5
Rexxar,5,0,0,5
Riskx,5,0,0,5
RNG,5,0,0,5
Romanime,5,0,0,5
rorobmu,5,0,0,5
RSop,5,0,0,5
Ryphoon,5,0,0,5
Ryu004,5,0,0,5
satieHARU,5,0,0,5
ScoreBoard,5,0,0,5
Secco,5,0,0,5
SeiSenSei,5,0,0,5
Sempok,5,0,0,5
Sharktooth,5,0,0,5
shimi,5,0,0,5
shing422,5,0,0,5
ShinyScales,5,0,0,5
showstar,5,0,0,5
shushuyo,5,0,0,5
Sihaa,5,0,0,5
Sikke,5,0,0,5
SillWanders,5,0,0,5
Sim0nbman,5,0,0,5
SimoTW,5,0,0,5
SkyA,5,0,0,5
skyanne1,5,0,0,5
Sleepy,5,0,0,5
slepicka,5,0,0,5
Slex,5,0,0,5
SMOrc,5,0,0,5
Socrates,5,0,0,5
SomBraX360,5,0,0,5
Sonar,5,0,0,5
Soxiik,5,0,0,5
St0pnStare,5,0,0,5
starcluster,5,0,0,5
strawberry,5,0,0,5
Supernova,5,0,0,5
supporter,5,0,0,5
Symba,5,0,0,5
taeng2,5,0,0,5
TakAnaShi,5,0,0,5
TayzTea,5,0,0,5
TenFourTim,5,0,0,5
Tenkou,5,0,0,5
TerryKID,5,0,0,5
Tertius,5,0,0,5
trasmussen,5,0,0,5
thefinalzero,5,0,0,5
Thrawn,5,0,0,5
thunder99,5,0,0,5
Thunder993,5,0,0,5
tin,5,0,0,5
TINGT0NG,5,0,0,5
tltlfnd1,5,0,0,5
Tnestea,5,0,0,5
Toni,5,0,0,5
tr3los,5,0,0,5
Trapezund,5,0,0,5
TrickyZerg,5,0,0,5
TripppyAsFuq,5,0,0,5
TsaiBoYi,5,0,0,5
Tschef,5,0,0,5
turbogash,5,0,0,5
Turbomyaska,5,0,0,5
Twenty9Cent2,5,0,0,5
Twizz,5,0,0,5
TychkaS,5,0,0,5
valera219932,5,0,0,5
vanad1n,5,0,0,5
Vanxi,5,0,0,5
Vee,5,0,0,5
Venturi,5,0,0,5
VERA,5,0,0,5
visvires,5,0,0,5
Vitality,5,0,0,5
waiko,5,0,0,5
webman23,5,0,0,5
Wulfinger,5,0,0,5
X115,5,0,0,5
Ye11ow,5,0,0,5
Ykrop,5,0,0,5
Yobi,5,0,0,5
yobi,5,0,0,5
Yondaime,5,0,0,5
Yons,5,0,0,5
yozek,5,0,0,5
yu1270,5,0,0,5
YumHan,5,0,0,5
yunggudD,5,0,0,5
Yurka,5,0,0,5
Zergs,5,0,0,5
Волфнай,5,0,0,5
シザリガー,5,0,0,5
ばかじゃない,5,0,0,5
갓정빈,5,0,0,5
고려대윤동욱,5,0,0,5
띵세,5,0,0,5
생매장,5,0,0,5
안녕하세요,5,0,0,5
요쿨,5,0,0,5
딸기맛요거트,5,0,0,5
뜨거운심장마그니,5,0,0,5
무뇌왕,5,0,0,5
민썹2,5,0,0,5
쉐제르,5,0,0,5
쎄로오,5,0,0,5
유키,5,0,0,5
이기석,5,0,0,5
이태훈,5,0,0,5
일리단스톰레이지,5,0,0,5
일리시그,5,0,0,5
임어부,5,0,0,5
점심머겅,5,0,0,5
헬로우쿠우,5,0,0,5
호랄탁,5,0,0,5
太平鄉鄉民,5,0,0,5
幽靈貓,5,0,0,5
延平陳柏霖,5,0,0,5
조르바처럼,5,0,0,5
창렬창,5,0,0,5
초보자에요,5,0,0,5
타이횬,5,0,0,5
파우더,5,0,0,5
핵융합,5,0,0,5
히히,5,0,0,5
偷天暗殺,5,0,0,5
冷月湛藍,5,0,0,5
因為無聊,5,0,0,5
屁屁穎,5,0,0,5
我愛吃蝦餅,5,0,0,5
故事,5,0,0,5
洢小庭,5,0,0,5
牙籤與火柴,5,0,0,5
田所931,5,0,0,5
肥宅又,5,0,0,5
英雄聯盟鑽石1,5,0,0,5
迫真空手部,5,0,0,5
隱祕魷魚,5,0,0,5
龜仙武天,5,0,0,5
Abar,0,5,0,5
Aleco,0,5,0,5
Alliestrasza,0,5,0,5
allwaySUP,0,5,0,5
amj,0,5,0,5
Anarchiszm,0,5,0,5
andreiMD,0,5,0,5
Anejio,0,5,0,5
anten,0,5,0,5
ApostołDZWO,0,5,0,5
AquaThief,0,5,0,5
ArcaneSnow,0,5,0,5
Argonauts,0,5,0,5
ArZeDagg,0,5,0,5
as12df,0,5,0,5
Asadpanda,0,5,0,5
Aslanino,0,5,0,5
atoz,0,5,0,5
Aydenn,0,5,0,5
Azuresky,0,5,0,5
Babbelbox,0,5,0,5
BajaPigeon,0,5,0,5
Baloth,0,5,0,5
BattleTeg,0,5,0,5
BeastRush,0,5,0,5
Berkut,0,5,0,5
Bill,0,5,0,5
Blazing81,0,5,0,5
bloodfist,0,5,0,5
Bloodluck,0,5,0,5
Boyz2Men,0,5,0,5
Brendow,0,5,0,5
BrightHammer,0,5,0,5
Britches,0,5,0,5
Buddmann31,0,5,0,5
bulge,0,5,0,5
Bumc,0,5,0,5
burroohhh,0,5,0,5
Bydlo,0,5,0,5
Callax,0,5,0,5
CARVALHAO,0,5,0,5
cblacks,0,5,0,5
Chadwick537,0,5,0,5
Chalupa,0,5,0,5
Chenanigans,0,5,0,5
ChonHipz,0,5,0,5
ChristianMom,0,5,0,5
Chuavelol,0,5,0,5
Clipp,0,5,0,5
COLDPLAY,0,5,0,5
colo,0,5,0,5
Comely,0,5,0,5
ControlZero,0,5,0,5
coolguypat,0,5,0,5
Coreia,0,5,0,5
cosimo,0,5,0,5
costizuniq,0,5,0,5
crataris,0,5,0,5
Crazyayou,0,5,0,5
CSK,0,5,0,5
curly,0,5,0,5
d4n1j3l,0,5,0,5
Daggermouth,0,5,0,5
Darkpug,0,5,0,5
DCX,0,5,0,5
DeaftJoe,0,5,0,5
DeathsFathom,0,5,0,5
Decksloth,0,5,0,5
Dedeká,0,5,0,5
DerBass,0,5,0,5
DiGeeD,0,5,0,5
Disturbed1,0,5,0,5
dmk,0,5,0,5
Dondentrits,0,5,0,5
Dongzilla,0,5,0,5
Dragonfang,0,5,0,5
DrazKieL,0,5,0,5
Dreammemory,0,5,0,5
Dreinak,0,5,0,5
Dum,0,5,0,5
Dylicious,0,5,0,5
Egnellahc,0,5,0,5
Egolias,0,5,0,5
Elephant,0,5,0,5
eLSeR17,0,5,0,5
Enzo1351,0,5,0,5
erazure,0,5,0,5
esoJAR,0,5,0,5
Ethernia,0,5,0,5
EvilSteel,0,5,0,5
Exalted,0,5,0,5
ExordiaS,0,5,0,5
Eyecelance,0,5,0,5
F4ckyou,0,5,0,5
Fail,0,5,0,5
FAREN,0,5,0,5
FaZe,0,5,0,5
Ferry,0,5,0,5
Fever,0,5,0,5
Fibblit,0,5,0,5
First2Die,0,5,0,5
Foretell,0,5,0,5
Frodan,0,5,0,5
Fukashi,0,5,0,5
FunkyPants,0,5,0,5
Funnyfish,0,5,0,5
GaeSsiBalGeo,0,5,0,5
Galnof,0,5,0,5
Gangover,0,5,0,5
Gauldoth,0,5,0,5
GGunhyu,0,5,0,5
Gin,0,5,0,5
GingerGeorge,0,5,0,5
Glenn,0,5,0,5
Godly,0,5,0,5
GoldenBoy,0,5,0,5
GOTHIC,0,5,0,5
GREED,0,5,0,5
Grifon,0,5,0,5
grim,0,5,0,5
Grondus,0,5,0,5
gubigubi,0,5,0,5
Gubulgubul,0,5,0,5
gunnxi,0,5,0,5
GuNShoT,0,5,0,5
GuruJiba,0,5,0,5
GuyLeks,0,5,0,5
GzenithS,0,5,0,5
h0lysky,0,5,0,5
hanibb,0,5,0,5
HappyHong,0,5,0,5
HariSeldon,0,5,0,5
HaSW,0,5,0,5
HateEveryone,0,5,0,5
Hijodaikan,0,5,0,5
ICantEven,0,5,0,5
Illuminati,0,5,0,5
Imbadgoeasy,0,5,0,5
imnotanumber,0,5,0,5
INFINITY,0,5,0,5
Inside,0,5,0,5
Irregular,0,5,0,5
Isu,0,5,0,5
iThomas,0,5,0,5
JabuJabu,0,5,0,5
javijime,0,5,0,5
JhEr,0,5,0,5
JhowBR,0,5,0,5
jhwan,0,5,0,5
Jingsa,0,5,0,5
JkHanBao,0,5,0,5
Jobs,0,5,0,5
Jonnotron,0,5,0,5
Juicebox,0,5,0,5
Julian,0,5,0,5
JustJK,0,5,0,5
Jvetonor,0,5,0,5
Jwilli,0,5,0,5
ka52P,0,5,0,5
Kakarot,0,5,0,5
KANI,0,5,0,5
Kerse45,0,5,0,5
kes,0,5,0,5
Kettch,0,5,0,5
KevBro,0,5,0,5
kineko,0,5,0,5
Kita,0,5,0,5
Klima,0,5,0,5
Kotheslayer,0,5,0,5
Krholl,0,5,0,5
Krip,0,5,0,5
kripzus,0,5,0,5
KRisDOG,0,5,0,5
kusamochi,0,5,0,5
KUSO,0,5,0,5
lalala,0,5,0,5
Land,0,5,0,5
Lantyr,0,5,0,5
LastShadowz,0,5,0,5
Lemidek,0,5,0,5
leni654,0,5,0,5
Lennandote,0,5,0,5
Leuki,0,5,0,5
Levi,0,5,0,5
Light,0,5,0,5
Limitless,0,5,0,5
LINK,0,5,0,5
Ljack,0,5,0,5
LordOleg,0,5,0,5
lovegg,0,5,0,5
LUZEN17,0,5,0,5
Macchiato,0,5,0,5
Madarakes,0,5,0,5
manabe,0,5,0,5
MarcusMagnus,0,5,0,5
Mathkb,0,5,0,5
matteoripa,0,5,0,5
maxkornK47,0,5,0,5
MegaSouche,0,5,0,5
Megatherion,0,5,0,5
Memo,0,5,0,5
mensem,0,5,0,5
michael,0,5,0,5
Migno,0,5,0,5
Mikfil,0,5,0,5
Mikkel,0,5,0,5
MildsakiTH,0,5,0,5
MilliVanilli,0,5,0,5
Minamino,0,5,0,5
MiNas,0,5,0,5
Minidora,0,5,0,5
Misan,0,5,0,5
Montius,0,5,0,5
Morphy,0,5,0,5
Morrissey,0,5,0,5
MrPepe,0,5,0,5
Muerte,0,5,0,5
Murloc,0,5,0,5
myr,0,5,0,5
NamesOmega,0,5,0,5
Nekrilar,0,5,0,5
NeonBlue,0,5,0,5
Neowaca,0,5,0,5
noname,0,5,0,5
NONON,0,5,0,5
Noobplayer,0,5,0,5
Noobzaurs,0,5,0,5
November,0,5,0,5
NuGul,0,5,0,5
Nyanko,0,5,0,5
OCDtoOCV,0,5,0,5
Octagonapus,0,5,0,5
oroff,0,5,0,5
OSAPIX,0,5,0,5
ostinato,0,5,0,5
p0niat0wski,0,5,0,5
Pac,0,5,0,5
padLucK,0,5,0,5
PaiDoSoneca,0,5,0,5
PandaSmite,0,5,0,5
Payphone,0,5,0,5
PepsiMao,0,5,0,5
petrancof7,0,5,0,5
Picto,0,5,0,5
PipoyCute,0,5,0,5
Polli,0,5,0,5
poopoopeepee,0,5,0,5
Preparation,0,5,0,5
Protekt1,0,5,0,5
PuppyBrawl,0,5,0,5
Puyshpii,0,5,0,5
Qlue,0,5,0,5
Qria,0,5,0,5
Quachie,0,5,0,5
QueenAlesana,0,5,0,5
R87,0,5,0,5
Rayza,0,5,0,5
Razayel,0,5,0,5
Redips,0,5,0,5
ReKarne,0,5,0,5
Rémy,0,5,0,5
RICHKING,0,5,0,5
Riordian,0,5,0,5
Ripthejacker,0,5,0,5
rirakkuma,0,5,0,5
RMT,0,5,0,5
Roy,0,5,0,5
Ruderivalcn,0,5,0,5
Ruloz,0,5,0,5
SabIe,0,5,0,5
Sadcore,0,5,0,5
sampe,0,5,0,5
Sanstile,0,5,0,5
saudi,0,5,0,5
Sawter,0,5,0,5
ScarWolf,0,5,0,5
SeinGras,0,5,0,5
Selluzia,0,5,0,5
Senyaka,0,5,0,5
Shooter27,0,5,0,5
Sinistral,0,5,0,5
Skitlz,0,5,0,5
SKTP,0,5,0,5
Skyythe,0,5,0,5
slavemaster,0,5,0,5
Sn3jk,0,5,0,5
Snape,0,5,0,5
solano,0,5,0,5
Sony,0,5,0,5
soorock,0,5,0,5
Sta2S,0,5,0,5
Stellman,0,5,0,5
strafe,0,5,0,5
Straponiara,0,5,0,5
Superbobob,0,5,0,5
Swep,0,5,0,5
SwingOfLie,0,5,0,5
t1nat1na,0,5,0,5
Tacticalzz,0,5,0,5
takotubo,0,5,0,5
tchu,0,5,0,5
theDragon,0,5,0,5
TheKrugLife,0,5,0,5
thron,0,5,0,5
Thuggy,0,5,0,5
tiha,0,5,0,5
Tinkmaster,0,5,0,5
tmxlffk,0,5,0,5
tommyhyy,0,5,0,5
Tragon,0,5,0,5
Tv1787,0,5,0,5
unagi,0,5,0,5
UnholyBomb,0,5,0,5
Unlimited,0,5,0,5
UOtterKnow,0,5,0,5
Viceak,0,5,0,5
victormatury,0,5,0,5
Virzy,0,5,0,5
Wayfar,0,5,0,5
Westus,0,5,0,5
Whyte,0,5,0,5
Willscarlet,0,5,0,5
wny0202,0,5,0,5
WOLF66,0,5,0,5
Wookyrie,0,5,0,5
Wormon,0,5,0,5
Wrath,0,5,0,5
WTFake,0,5,0,5
Wylrie,0,5,0,5
XRailgunX,0,5,0,5
Yakor,0,5,0,5
yanagisawa,0,5,0,5
yolo,0,5,0,5
Yomen,0,5,0,5
YoSHi,0,5,0,5
Yosida3,0,5,0,5
Zefox,0,5,0,5
Zerail,0,5,0,5
Zezima,0,5,0,5
zezinho,0,5,0,5
スイクン,0,5,0,5
にすけ,0,5,0,5
バトルフロッグ,0,5,0,5
はりー,0,5,0,5
ゆむら,0,5,0,5
りんきの,0,5,0,5
갓크롬,0,5,0,5
갓태어난아기,0,5,0,5
권익성,0,5,0,5
기루,0,5,0,5
꽃많피,0,5,0,5
꿀꿀맛,0,5,0,5
꿈으로가는길,0,5,0,5
끅끅,0,5,0,5
나는상어당,0,5,0,5
느시,0,5,0,5
능순이,0,5,0,5
달콤한네스티,0,5,0,5
도취,0,5,0,5
둘리엄산,0,5,0,5
따웨이,0,5,0,5
레드,0,5,0,5
레비,0,5,0,5
롯데전자,0,5,0,5
르체리,0,5,0,5
밀크마스터,0,5,0,5
방군,0,5,0,5
사이토도산,0,5,0,5
산더미숙제,0,5,0,5
살살,0,5,0,5
상혼,0,5,0,5
서폿초가스,0,5,0,5
셩잉,0,5,0,5
아옳옳옳,0,5,0,5
엔타로태사다르,0,5,0,5
예투입니다,0,5,0,5
웅이627,0,5,0,5
인생,0,5,0,5
잭스마스터,0,5,0,5
적당히잘생김,0,5,0,5
조운,0,5,0,5
죽창,0,5,0,5
준돌창,0,5,0,5
천둥지기,0,5,0,5
최예찬,0,5,0,5
콘칩킬러정의철,0,5,0,5
토토로,0,5,0,5
티라미슈,0,5,0,5
한조박,0,5,0,5
不用在意我,0,5,0,5
在風中唱歌,0,5,0,5
天空嵐雪,0,5,0,5
旋風腿,0,5,0,5
最高の女,0,5,0,5
月光下寧靜的夜晚,0,5,0,5
林廷安,0,5,0,5
油淋鶏,0,5,0,5
海綿體寶寶,0,5,0,5
混沌美女安娜蘿絲,0,5,0,5
白王,0,5,0,5
給我一個星球,0,5,0,5
迷你忍者,0,5,0,5
阿飛,0,5,0,5
電機帥康,0,5,0,5
韓和,0,5,0,5
Aaronsol18,0,0,5,5
AbRaCaDaBrA,0,0,5,5
Ad2mlim,0,0,5,5
adamine,0,0,5,5
Adamsio,0,0,5,5
AEnima,0,0,5,5
aes,0,0,5,5
Agger,0,0,5,5
Ainur,0,0,5,5
Akhalaka,0,0,5,5
al13bash,0,0,5,5
AleGarcia,0,0,5,5
altir,0,0,5,5
Amita,0,0,5,5
andreki007,0,0,5,5
Antonio,0,0,5,5
Appa,0,0,5,5
assiette,0,0,5,5
Asu,0,0,5,5
AureoShock,0,0,5,5
AvalonSV,0,0,5,5
Avi,0,0,5,5
AwaKening,0,0,5,5
AwesOme,0,0,5,5
Bartosz,0,0,5,5
BattlePants,0,0,5,5
Beldram,0,0,5,5
billsnyder,0,0,5,5
Birmill,0,0,5,5
BITnero,0,0,5,5
BixchRabbit,0,0,5,5
bLAKERS,0,0,5,5
BloodyBlue,0,0,5,5
BonPaPa,0,0,5,5
BooGyeKi,0,0,5,5
Cafeaulait,0,0,5,5
CATS,0,0,5,5
Celesteela,0,0,5,5
cgd,0,0,5,5
CheersLove,0,0,5,5
Choccocci,0,0,5,5
Choco,0,0,5,5
ChrisBl,0,0,5,5
chrisis,0,0,5,5
Clust0r,0,0,5,5
Denys,0,0,5,5
Chump,0,0,5,5
CluVoXir,0,0,5,5
clzls,0,0,5,5
cnusc,0,0,5,5
coldshot,0,0,5,5
Conqueror90,0,0,5,5
copyMhead,0,0,5,5
Cottoncandy,0,0,5,5
CrIKxS,0,0,5,5
DaLkOngDDu,0,0,5,5
Darkmoon,0,0,5,5
Dekkster,0,0,5,5
Diana,0,0,5,5
DidJuno,0,0,5,5
Diego,0,0,5,5
djs42012,0,0,5,5
DLM21,0,0,5,5
DocP,0,0,5,5
doge34,0,0,5,5
DrMengueche,0,0,5,5
Dsaporito,0,0,5,5
dydyqja,0,0,5,5
DylanHuang,0,0,5,5
Eamp,0,0,5,5
Ebanezpoopoo,0,0,5,5
Ebbe,0,0,5,5
Eggeyes,0,0,5,5
Ein,0,0,5,5
Eki,0,0,5,5
ElephantMan,0,0,5,5
Eleven,0,0,5,5
Endor,0,0,5,5
Enthralimund,0,0,5,5
EpicWarrior,0,0,5,5
Epist,0,0,5,5
Eric,0,0,5,5
erika,0,0,5,5
Escherichia,0,0,5,5
EtherNell,0,0,5,5
EvilArthas,0,0,5,5
EzeKieL,0,0,5,5
Fai,0,0,5,5
Fapz,0,0,5,5
FelipeMelo,0,0,5,5
FerranDAC,0,0,5,5
Fiery,0,0,5,5
Fireworks871,0,0,5,5
flevils,0,0,5,5
freeHAT,0,0,5,5
Ganz,0,0,5,5
Gateway,0,0,5,5
Gatsu,0,0,5,5
Gecko,0,0,5,5
ghuke,0,0,5,5
giaccho,0,0,5,5
GiBBiN,0,0,5,5
Gideon,0,0,5,5
gidofa,0,0,5,5
GipsyDanger,0,0,5,5
Gonzolopez,0,0,5,5
Gooner,0,0,5,5
Goprofast,0,0,5,5
GQG,0,0,5,5
gr7igoris,0,0,5,5
Grrr,0,0,5,5
Gust,0,0,5,5
Hakenine,0,0,5,5
Hakkaro,0,0,5,5
Hazfrost,0,0,5,5
HeatShock,0,0,5,5
hekominJAPAN,0,0,5,5
Heo,0,0,5,5
Hercules,0,0,5,5
Herdoré,0,0,5,5
HIT,0,0,5,5
Howard,0,0,5,5
Hradz,0,0,5,5
Hurney,0,0,5,5
huyfrog,0,0,5,5
IceWorker,0,0,5,5
Iluminato,0,0,5,5
Infearmous,0,0,5,5
Inside59,0,0,5,5
intc,0,0,5,5
Iqueen,0,0,5,5
Isak,0,0,5,5
ITzMortalTz,0,0,5,5
jameslen,0,0,5,5
JDddsan97,0,0,5,5
JeeeeeeeeeeE,0,0,5,5
jelly,0,0,5,5
Jeorg,0,0,5,5
Jez,0,0,5,5
jillya,0,0,5,5
Johndoeuf,0,0,5,5
JSE,0,0,5,5
JtrX,0,0,5,5
JuanpeSpain,0,0,5,5
Kann,0,0,5,5
KasperRasDK,0,0,5,5
Kaspervoas21,0,0,5,5
Kayn,0,0,5,5
Kenobi,0,0,5,5
Khan,0,0,5,5
Killmeman,0,0,5,5
KingofRingx3,0,0,5,5
kinkakuji,0,0,5,5
kirto,0,0,5,5
kkkkkkkkkkk,0,0,5,5
kodzak,0,0,5,5
Kotty,0,0,5,5
Kräuterorc,0,0,5,5
Krobson,0,0,5,5
KuasiEvil,0,0,5,5
KusonaE,0,0,5,5
KyoHoon,0,0,5,5
kyoji,0,0,5,5
l40kg,0,0,5,5
lelaidcopain,0,0,5,5
Lepo,0,0,5,5
Lien,0,0,5,5
lilhearthie,0,0,5,5
Liorlich,0,0,5,5
loafs,0,0,5,5
Locke,0,0,5,5
luchin,0,0,5,5
macaco89,0,0,5,5
MacDuck,0,0,5,5
Majus,0,0,5,5
MAMAMOO,0,0,5,5
MamaStiflers,0,0,5,5
Mandam,0,0,5,5
ManWithBfg,0,0,5,5
Marche,0,0,5,5
Marius,0,0,5,5
martenJ,0,0,5,5
marwan24,0,0,5,5
Mast3rman,0,0,5,5
Mathy5,0,0,5,5
mattya0815,0,0,5,5
Mauro97,0,0,5,5
Mbeju,0,0,5,5
megaballer,0,0,5,5
Menny,0,0,5,5
Mercenary,0,0,5,5
Metelitswag,0,0,5,5
Mhee,0,0,5,5
MIKANLOVE,0,0,5,5
Milithemir,0,0,5,5
MishkaTishka,0,0,5,5
Miyak,0,0,5,5
MojoJojo,0,0,5,5
MorganBlack,0,0,5,5
Motonor,0,0,5,5
Moxis,0,0,5,5
Moxit,0,0,5,5
MpVanellope,0,0,5,5
Mqstar,0,0,5,5
MukaMuka,0,0,5,5
Muldark,0,0,5,5
Munier,0,0,5,5
Mutakk00,0,0,5,5
n00b,0,0,5,5
nadziratel,0,0,5,5
Narbura,0,0,5,5
Nerdblaster,0,0,5,5
Nichocolates,0,0,5,5
Nikkei,0,0,5,5
nikrus,0,0,5,5
njukas,0,0,5,5
NMNMN,0,0,5,5
nonamem,0,0,5,5
Nuno,0,0,5,5
ogushu,0,0,5,5
Ohhwell,0,0,5,5
ON4ssIy,0,0,5,5
Owen,0,0,5,5
Padelos,0,0,5,5
patience,0,0,5,5
PelicanFoot,0,0,5,5
Peter2906,0,0,5,5
philip92418,0,0,5,5
Physic,0,0,5,5
PluralMinds,0,0,5,5
porevi,0,0,5,5
Problems,0,0,5,5
Prometheus,0,0,5,5
Psykooz,0,0,5,5
Pulverizer,0,0,5,5
Pyntsee,0,0,5,5
Quintas,0,0,5,5
radbtr,0,0,5,5
Raydric,0,0,5,5
Raynier,0,0,5,5
rCore,0,0,5,5
RedRad,0,0,5,5
RemixJia,0,0,5,5
Renataso,0,0,5,5
RNGesus,0,0,5,5
Rob,0,0,5,5
Rockets,0,0,5,5
Rocklee,0,0,5,5
Ruiner,0,0,5,5
Sage,0,0,5,5
Sambabrazil,0,0,5,5
SantaPri,0,0,5,5
SawerArt,0,0,5,5
SDDUCK,0,0,5,5
SecondHope,0,0,5,5
SEMINEET,0,0,5,5
Seriguchi,0,0,5,5
SevenLove,0,0,5,5
sezames,0,0,5,5
ShadowDrive,0,0,5,5
shady,0,0,5,5
SHEF,0,0,5,5
Siege,0,0,5,5
SiLeNCe,0,0,5,5
Sku,0,0,5,5
sleepii,0,0,5,5
SLIFERTSD,0,0,5,5
Snatta,0,0,5,5
SomeShawn,0,0,5,5
Songsong,0,0,5,5
SpliffHS,0,0,5,5
Srrrrrrrrr,0,0,5,5
Ssol,0,0,5,5
stimpi666,0,0,5,5
StopWhining,0,0,5,5
Strategist,0,0,5,5
Substitution,0,0,5,5
supersmooth,0,0,5,5
Superwulfi,0,0,5,5
Sushilol,0,0,5,5
Swarm,0,0,5,5
Syllit,0,0,5,5
Sylv,0,0,5,5
Syn,0,0,5,5
Tanksta,0,0,5,5
Tashkinatora,0,0,5,5
Tcho,0,0,5,5
terravore,0,0,5,5
TestZwei,0,0,5,5
thadcastle,0,0,5,5
TheDarkLord,0,0,5,5
TheKepler22b,0,0,5,5
theo,0,0,5,5
TheTCGamer,0,0,5,5
theweezz,0,0,5,5
ThirtyIce,0,0,5,5
ThisIsChris,0,0,5,5
Thisisprobiz,0,0,5,5
Thugga,0,0,5,5
tigerSix,0,0,5,5
Tiki,0,0,5,5
Timmy,0,0,5,5
TiwAz,0,0,5,5
TorJado,0,0,5,5
TreoLeo,0,0,5,5
TripleC,0,0,5,5
troll,0,0,5,5
tspn,0,0,5,5
TurtleArtist,0,0,5,5
Tyfoon,0,0,5,5
tylerfitch,0,0,5,5
Uiogd,0,0,5,5
uLeznamec,0,0,5,5
Und3R,0,0,5,5
Undertaker,0,0,5,5
UNFORGIVENgr,0,0,5,5
Unjust,0,0,5,5
ValenS,0,0,5,5
Vealot,0,0,5,5
Ved,0,0,5,5
vis,0,0,5,5
vladbuld,0,0,5,5
Vuddu18,0,0,5,5
vusieupeo,0,0,5,5
Wandal,0,0,5,5
Watermelon,0,0,5,5
WayneGregzky,0,0,5,5
Whoisme,0,0,5,5
WildPants,0,0,5,5
WillDaBeast,0,0,5,5
wtk300,0,0,5,5
xxx14147,0,0,5,5
yamasaw,0,0,5,5
yasacidodi,0,0,5,5
Yorkyy,0,0,5,5
Yue,0,0,5,5
Zartres10,0,0,5,5
アマガミ狼,0,0,5,5
おてぃか,0,0,5,5
だにぃ,0,0,5,5
たまさん,0,0,5,5
ちくわ,0,0,5,5
개초보주의,0,0,5,5
갱연이,0,0,5,5
Zuko9011,0,0,5,5
КАЛЧЁРТАТАМ,0,0,5,5
しひ,0,0,5,5
チスター,0,0,5,5
거석,0,0,5,5
나는누구여긴어디,0,0,5,5
나봉봉갈갈,0,0,5,5
넘부러워요,0,0,5,5
니엄마멀록,0,0,5,5
똑똑한망치,0,0,5,5
레미닢,0,0,5,5
메르츠,0,0,5,5
뿌요뿌요뿌,0,0,5,5
산올이,0,0,5,5
아르제니아,0,0,5,5
엉큼한거북이,0,0,5,5
에이핑두,0,0,5,5
영도리,0,0,5,5
미지근한콜라,0,0,5,5
민뚜닝,0,0,5,5
민성이의삼두근,0,0,5,5
병처으리,0,0,5,5
뿌야,0,0,5,5
소히윤,0,0,5,5
시골쥐,0,0,5,5
신정고리퍼,0,0,5,5
실수,0,0,5,5
원쓰,0,0,5,5
이느낌그대로,0,0,5,5
이온,0,0,5,5
이츄,0,0,5,5
인간공학,0,0,5,5
쿤아게로,0,0,5,5
公主病,0,0,5,5
危險份子,0,0,5,5
奪命束褲,0,0,5,5
好日子,0,0,5,5
如果能重返榮耀,0,0,5,5
我是神,0,0,5,5
打錯自己投了好爆,0,0,5,5
易世,0,0,5,5
杏樹枝,0,0,5,5
전설,0,0,5,5
킬각나오면인사,0,0,5,5
파라모터,0,0,5,5
흑백필름,0,0,5,5
惡魔爻鬼舞,0,0,5,5
東東,0,0,5,5
達岡烤秋琴,0,0,5,5
銅鑼燒餅,0,0,5,5
陳建豪,0,0,5,5
ABL5000,4,0,0,4
Acudaz,4,0,0,4
Aerophobic,4,0,0,4
Aggronicus,4,0,0,4
agios,4,0,0,4
aiden18,4,0,0,4
AlexRossi,4,0,0,4
AlexSt,4,0,0,4
alstroemeria,4,0,0,4
ALTA,4,0,0,4
alwaysthanks,4,0,0,4
AndinhuL,4,0,0,4
angelzera,4,0,0,4
AnonymOuch,4,0,0,4
Antaxe,4,0,0,4
Ants,4,0,0,4
antuan306,4,0,0,4
Aomine,4,0,0,4
Apathany,4,0,0,4
Apex,4,0,0,4
Aragos,4,0,0,4
Areth,4,0,0,4
Arranca,4,0,0,4
ARSENAL,4,0,0,4
artbrain,4,0,0,4
atom,4,0,0,4
Atticus,4,0,0,4
Augustine,4,0,0,4
awes0me,4,0,0,4
Azalea,4,0,0,4
Bartholemew,4,0,0,4
bartkun,4,0,0,4
Bastounas,4,0,0,4
BattMasile,4,0,0,4
bayezzz,4,0,0,4
bazinga182,4,0,0,4
Bdb213,4,0,0,4
Beast,4,0,0,4
Bek1n,4,0,0,4
Belial,4,0,0,4
Belikemikej,4,0,0,4
Ben,4,0,0,4
bergyuber,4,0,0,4
BestestOne,4,0,0,4
bestjj,4,0,0,4
BgNSpasov,4,0,0,4
BigBird,4,0,0,4
BigFatDuck,4,0,0,4
bigshow,4,0,0,4
Bitxelus,4,0,0,4
BlancCieL,4,0,0,4
blank,4,0,0,4
BlasèBlasè,4,0,0,4
Blasphemy,4,0,0,4
Blef,4,0,0,4
Blo,4,0,0,4
BLS,4,0,0,4
BLUE,4,0,0,4
Bluesombrero,4,0,0,4
BobMarley,4,0,0,4
boink,4,0,0,4
boltun,4,0,0,4
Bomba,4,0,0,4
Bonny97,4,0,0,4
BOYAR,4,0,0,4
BPEMEHA,4,0,0,4
Brino,4,0,0,4
brokenrake,4,0,0,4
BruceNorris,4,0,0,4
Busenwurm,4,0,0,4
c2mple,4,0,0,4
Calen,4,0,0,4
Cap30,4,0,0,4
CaptMatt,4,0,0,4
Carly,4,0,0,4
Caryn,4,0,0,4
Castiel,4,0,0,4
Cheeze,4,0,0,4
Cellendhyll,4,0,0,4
CelticGuard,4,0,0,4
chEEsus,4,0,0,4
chenwu,4,0,0,4
Cheshir,4,0,0,4
Chewie,4,0,0,4
chingchong2,4,0,0,4
ChosenOne,4,0,0,4
chrF,4,0,0,4
ClassicNex,4,0,0,4
CN548,4,0,0,4
coloraja,4,0,0,4
Coltovsky,4,0,0,4
Compjuter,4,0,0,4
CountWaffles,4,0,0,4
Cozist,4,0,0,4
Crezyte,4,0,0,4
Crosshairs,4,0,0,4
Crown,4,0,0,4
csicskagyász,4,0,0,4
ctm,4,0,0,4
ctOph,4,0,0,4
CubeRome,4,0,0,4
DaGeniusJay,4,0,0,4
Dallog,4,0,0,4
Dalok,4,0,0,4
Damnpunk,4,0,0,4
Danihoodz,4,0,0,4
DAnte,4,0,0,4
DANYA,4,0,0,4
DarkClaw,4,0,0,4
DARKRAI,4,0,0,4
DaWe,4,0,0,4
Death06,4,0,0,4
Deku,4,0,0,4
demonhunter,4,0,0,4
Diffin,4,0,0,4
Dire,4,0,0,4
Dismember,4,0,0,4
DOC,4,0,0,4
Dolg,4,0,0,4
Domi,4,0,0,4
DonAndres,4,0,0,4
Donut,4,0,0,4
dooks,4,0,0,4
dotDark,4,0,0,4
Draskore,4,0,0,4
DROQQA,4,0,0,4
duddn,4,0,0,4
DukV4,4,0,0,4
DustaN,4,0,0,4
EHWAHHH,4,0,0,4
Eichi,4,0,0,4
Elegant93,4,0,0,4
ElRoyJenkins,4,0,0,4
ElzeinMafia,4,0,0,4
Enli,4,0,0,4
EnUdenHjerte,4,0,0,4
EricCho,4,0,0,4
eTxShake,4,0,0,4
Eversiction,4,0,0,4
Evocati,4,0,0,4
Fabre,4,0,0,4
FahadSh,4,0,0,4
Faithless,4,0,0,4
FancyJ,4,0,0,4
farmerSam,4,0,0,4
Farseason,4,0,0,4
fay,4,0,0,4
FeelsBadMan,4,0,0,4
Felix33,4,0,0,4
Fenrir,4,0,0,4
FeverDream,4,0,0,4
Fitz222,4,0,0,4
FlatLine,4,0,0,4
Flexy,4,0,0,4
FlipFlop,4,0,0,4
Flopik,4,0,0,4
fm3366,4,0,0,4
Foreq,4,0,0,4
FR0G,4,0,0,4
frank0611,4,0,0,4
frarina94,4,0,0,4
Fritterus,4,0,0,4
frostseeker,4,0,0,4
FuseDjRaUl,4,0,0,4
FxS,4,0,0,4
Gabboshock,4,0,0,4
gaki,4,0,0,4
Garabat0,4,0,0,4
GarDen,4,0,0,4
Gary,4,0,0,4
Georgec,4,0,0,4
Geralt,4,0,0,4
GGeasyfromRU,4,0,0,4
Giaffy,4,0,0,4
gr8m8ir88of8,4,0,0,4
greedydenny,4,0,0,4
Gremyak,4,0,0,4
GreyTaichou,4,0,0,4
Grezio,4,0,0,4
Guigzz,4,0,0,4
Gurnar,4,0,0,4
halgran,4,0,0,4
HarambeV2,4,0,0,4
harp,4,0,0,4
haveaniceday,4,0,0,4
helens,4,0,0,4
Hellraiser,4,0,0,4
HockeyBoyz3,4,0,0,4
holyfiredps,4,0,0,4
HonestZaib,4,0,0,4
hotPizZa,4,0,0,4
HowBu,4,0,0,4
Huni,4,0,0,4
Hypotenusan,4,0,0,4
hzzk,4,0,0,4
iCP9,4,0,0,4
ika,4,0,0,4
Illusion,4,0,0,4
imdisruptor,4,0,0,4
inari007,4,0,0,4
Infernity,4,0,0,4
inRocks,4,0,0,4
Insaiyanity,4,0,0,4
Insan3,4,0,0,4
Irelia,4,0,0,4
Italianforce,4,0,0,4
iteen,4,0,0,4
ItsLIT,4,0,0,4
iWreck,4,0,0,4
JackGoldenBo,4,0,0,4
JackMath,4,0,0,4
Jalapeno,4,0,0,4
JangeN,4,0,0,4
jday,4,0,0,4
JDog,4,0,0,4
Jenova,4,0,0,4
jepato,4,0,0,4
Jiggles,4,0,0,4
Jins,4,0,0,4
JinxyLuis,4,0,0,4
jjangnara,4,0,0,4
jlee7x2,4,0,0,4
Joefish,4,0,0,4
joker,4,0,0,4
jono913,4,0,0,4
Jorj,4,0,0,4
juanxo,4,0,0,4
Juhoui,4,0,0,4
Jyr,4,0,0,4
K0LDUN,4,0,0,4
kachanga,4,0,0,4
Kadak,4,0,0,4
kagome,4,0,0,4
kaio,4,0,0,4
kaiserwilli,4,0,0,4
Kampfaxt,4,0,0,4
Karoshi,4,0,0,4
KarpetMan,4,0,0,4
Kaspiyskiy,4,0,0,4
katncandix,4,0,0,4
Ke1,4,0,0,4
Keichi,4,0,0,4
kejsi,4,0,0,4
KenzLover,4,0,0,4
KFC,4,0,0,4
kgh6336,4,0,0,4
khardouk69,4,0,0,4
kickme,4,0,0,4
KidNickarus,4,0,0,4
kikifo,4,0,0,4
Killerx,4,0,0,4
KimperLook,4,0,0,4
kingde,4,0,0,4
KingXaris,4,0,0,4
kinwaicheng,4,0,0,4
Kishan,4,0,0,4
kitagawa,4,0,0,4
kluge,4,0,0,4
Knight27,4,0,0,4
Kola,4,0,0,4
Kolan51,4,0,0,4
KOmeta,4,0,0,4
KORKENkopf,4,0,0,4
kornoth,4,0,0,4
KOTIMFS,4,0,0,4
Kr0ozin,4,0,0,4
Krash,4,0,0,4
Krashable,4,0,0,4
Kraz,4,0,0,4
KreatiV,4,0,0,4
krk,4,0,0,4
Kuubek,4,0,0,4
Kyo,4,0,0,4
L0rinda,4,0,0,4
l2adder5,4,0,0,4
Laplace,4,0,0,4
Last78,4,0,0,4
LaurenCohan,4,0,0,4
Leeloox,4,0,0,4
Legend,4,0,0,4
LegenD,4,0,0,4
Leo,4,0,0,4
lersty,4,0,0,4
Lethal,4,0,0,4
letters,4,0,0,4
lihens,4,0,0,4
liou,4,0,0,4
Littlenoi,4,0,0,4
Liverbirdz,4,0,0,4
LkTheKing,4,0,0,4
LockeLamora,4,0,0,4
Lolala,4,0,0,4
Lomuni,4,0,0,4
LordXopy,4,0,0,4
Lpcta,4,0,0,4
Luc,4,0,0,4
LuckerOK,4,0,0,4
lucky,4,0,0,4
LuckyBeast,4,0,0,4
Lugh,4,0,0,4
LUKAKU,4,0,0,4
Luper,4,0,0,4
M1K8,4,0,0,4
Maana,4,0,0,4
Maelstrom,4,0,0,4
Maestro,4,0,0,4
MaGuS,4,0,0,4
Malkaris,4,0,0,4
managaOleg,4,0,0,4
mananni23,4,0,0,4
Maninblack,4,0,0,4
Manoeldp,4,0,0,4
ManuelXX,4,0,0,4
Marcoalin,4,0,0,4
Margarita,4,0,0,4
MartinB,4,0,0,4
mathtsai,4,0,0,4
Matix,4,0,0,4
Maty,4,0,0,4
Matys,4,0,0,4
MAX,4,0,0,4
Max,4,0,0,4
Mazayaker,4,0,0,4
Megatron,4,0,0,4
meguru,4,0,0,4
melbro,4,0,0,4
Melon,4,0,0,4
Meyh,4,0,0,4
michalregnis,4,0,0,4
MightyBeast,4,0,0,4
MightyBob,4,0,0,4
MiKeUA,4,0,0,4
MillHouse,4,0,0,4
Milotic,4,0,0,4
Minthon,4,0,0,4
Misguset,4,0,0,4
mitmol,4,0,0,4
Moartin,4,0,0,4
Moneybing,4,0,0,4
monki3,4,0,0,4
mordred,4,0,0,4
MoreMilk,4,0,0,4
MrHell,4,0,0,4
MrTecoJones,4,0,0,4
Muigetsu,4,0,0,4
Murder,4,0,0,4
MypaBey,4,0,0,4
Myrm,4,0,0,4
mythbuster68,4,0,0,4
MyuNe,4,0,0,4
N080Dyisback,4,0,0,4
Nammm,4,0,0,4
NavaCorsair,4,0,0,4
Naza,4,0,0,4
ncux,4,0,0,4
NejiHyuuga,4,0,0,4
nekhaev,4,0,0,4
Nether,4,0,0,4
Neufeldst,4,0,0,4
Neverlucky,4,0,0,4
nevermore,4,0,0,4
NeverTheless,4,0,0,4
NewEra007,4,0,0,4
NewLoySoLow,4,0,0,4
Ney,4,0,0,4
nezach,4,0,0,4
Nickrain,4,0,0,4
Nitrogen,4,0,0,4
NoFear,4,0,0,4
Note,4,0,0,4
nsaids,4,0,0,4
Nula,4,0,0,4
nxtgear,4,0,0,4
OceanMan,4,0,0,4
Onandia,4,0,0,4
OneOffLethal,4,0,0,4
Ordna,4,0,0,4
orioles,4,0,0,4
Ozylon,4,0,0,4
OzZi,4,0,0,4
Panaka,4,0,0,4
PaulBleeker,4,0,0,4
Pavllen,4,0,0,4
Pawershift,4,0,0,4
pelle5k,4,0,0,4
PileOBunnies,4,0,0,4
pilot,4,0,0,4
PimPo,4,0,0,4
Plague,4,0,0,4
Platinum,4,0,0,4
plount,4,0,0,4
Pokermorda,4,0,0,4
potato,4,0,0,4
PrayToGod,4,0,0,4
Prayze42,4,0,0,4
Pressman,4,0,0,4
PrimalFury,4,0,0,4
Prosectious,4,0,0,4
Qoon,4,0,0,4
Radec,4,0,0,4
Radogask,4,0,0,4
Raiato,4,0,0,4
Raiders13,4,0,0,4
RaistJ,4,0,0,4
Ramaanica,4,0,0,4
rasoraso,4,0,0,4
Ratatazonk,4,0,0,4
RedPyramid,4,0,0,4
ReggaeMen,4,0,0,4
Rekia,4,0,0,4
Renesanz,4,0,0,4
restinbeast,4,0,0,4
rickyQQ,4,0,0,4
Rilcy17,4,0,0,4
Rime,4,0,0,4
ritchie,4,0,0,4
RobbieK1,4,0,0,4
Rocketlin,4,0,0,4
rogueant,4,0,0,4
rom,4,0,0,4
RomeoMustDie,4,0,0,4
Ronzuur,4,0,0,4
Rooch,4,0,0,4
ruRocket,4,0,0,4
Saber92,4,0,0,4
SabinX,4,0,0,4
Sagittarius,4,0,0,4
saizo,4,0,0,4
SamSkool,4,0,0,4
Sanzubin,4,0,0,4
sayron,4,0,0,4
Schwartz515,4,0,0,4
Scorchy,4,0,0,4
Sean60229,4,0,0,4
SebasIV,4,0,0,4
semon,4,0,0,4
Sentry,4,0,0,4
Severus,4,0,0,4
Sevis,4,0,0,4
Shame,4,0,0,4
shasowcha21,4,0,0,4
shatanka,4,0,0,4
Shelk,4,0,0,4
ShinePG,4,0,0,4
sidonyi,4,0,0,4
Silkysmooth,4,0,0,4
Singed,4,0,0,4
siocessgs,4,0,0,4
SirAuron1927,4,0,0,4
Sitan,4,0,0,4
Siurvk,4,0,0,4
Skakmat,4,0,0,4
Skywalker,4,0,0,4
Slitzlol,4,0,0,4
SmellyHuffer,4,0,0,4
smith,4,0,0,4
Snappy,4,0,0,4
Sneaky0swag,4,0,0,4
SneakySnake,4,0,0,4
SOLID,4,0,0,4
SONGOKU,4,0,0,4
Soulia,4,0,0,4
Sowbear,4,0,0,4
sparda,4,0,0,4
Spectre,4,0,0,4
Sphinx,4,0,0,4
Stamf0rd,4,0,0,4
Starfury,4,0,0,4
Starman,4,0,0,4
Stauros,4,0,0,4
StefanLiv,4,0,0,4
StemJeffersn,4,0,0,4
StepVakhnin,4,0,0,4
StevenStone,4,0,0,4
stijn,4,0,0,4
StoneDog,4,0,0,4
Stryg,4,0,0,4
Stukov,4,0,0,4
sundrew,4,0,0,4
sunset,4,0,0,4
SuperChicken,4,0,0,4
Taier,4,0,0,4
TanTrum,4,0,0,4
taravian,4,0,0,4
Tarhona,4,0,0,4
Tartcake,4,0,0,4
taskman,4,0,0,4
Taydis,4,0,0,4
Terminator7,4,0,0,4
TheNightMan,4,0,0,4
thijmen13,4,0,0,4
Thorpe,4,0,0,4
ThreeD,4,0,0,4
TicTac,4,0,0,4
Titum,4,0,0,4
tobius,4,0,0,4
tolks,4,0,0,4
tom,4,0,0,4
tomfir,4,0,0,4
tosh,4,0,0,4
TRAFARET,4,0,0,4
Tronic,4,0,0,4
truguet,4,0,0,4
TulioJaudy,4,0,0,4
Tume,4,0,0,4
ULD4R1U5,4,0,0,4
Ulqiorra,4,0,0,4
Ursus,4,0,0,4
Uzee,4,0,0,4
Uzi1i,4,0,0,4
VadyaBoss,4,0,0,4
Vaku,4,0,0,4
VaLonD,4,0,0,4
vanqswisher,4,0,0,4
Volcano,4,0,0,4
Veelox,4,0,0,4
Velupso,4,0,0,4
Virr,4,0,0,4
VixenSnowSVK,4,0,0,4
Vød,4,0,0,4
Vortigen,4,0,0,4
walrush,4,0,0,4
WDN,4,0,0,4
werlin,4,0,0,4
WhiteStar,4,0,0,4
WildCard14,4,0,0,4
wldnjs17,4,0,0,4
Wolfenair,4,0,0,4
Wollebie,4,0,0,4
Woodoo,4,0,0,4
Worgelayn,4,0,0,4
WRAITH,4,0,0,4
xalax,4,0,0,4
xawen,4,0,0,4
XiangXiang,4,0,0,4
xORxOR,4,0,0,4
XVEB,4,0,0,4
XVIILegion,4,0,0,4
Xyvill,4,0,0,4
yaka,4,0,0,4
Youan,4,0,0,4
YungSad,4,0,0,4
ZackThaRippa,4,0,0,4
ZanyDruid,4,0,0,4
Zephylia,4,0,0,4
Zeratul,4,0,0,4
Zeref,4,0,0,4
Ziomas,4,0,0,4
Zordon,4,0,0,4
Zsuga66,4,0,0,4
Байсангур,4,0,0,4
Гармахис,4,0,0,4
Дима,4,0,0,4
ДИМАЗАВРИК,4,0,0,4
Креметос,4,0,0,4
Лютый,4,0,0,4
Николай,4,0,0,4
ХмурыйМонах,4,0,0,4
Чекаво81,4,0,0,4
アップル,4,0,0,4
ありす,4,0,0,4
いかブラック,4,0,0,4
しん210,4,0,0,4
なおなお,4,0,0,4
にんにく,4,0,0,4
モナカ,4,0,0,4
らいおん,4,0,0,4
ルイジ,4,0,0,4
クランベリ,4,0,0,4
ダイハード,4,0,0,4
といざらす,4,0,0,4
ほりい,4,0,0,4
ミコシバ,4,0,0,4
공격겐지수비토르,4,0,0,4
김동규,4,0,0,4
김사케,4,0,0,4
김해솔,4,0,0,4
네놈사냥꾼,4,0,0,4
녹턴오빠불좀꺼줘,4,0,0,4
대전의희망,4,0,0,4
도도알,4,0,0,4
들노래,4,0,0,4
만진이,4,0,0,4
말퓨,4,0,0,4
멈추지마,4,0,0,4
무적의중국인,4,0,0,4
므아느아,4,0,0,4
난58을원한다,4,0,0,4
맑은하늘,4,0,0,4
뭉게구름,4,0,0,4
밍굴이,4,0,0,4
배고파구리,4,0,0,4
벡칼,4,0,0,4
붸엑붸엑,4,0,0,4
블랙커런터,4,0,0,4
빙다리핫바지,4,0,0,4
샤라락,4,0,0,4
시네올,4,0,0,4
아옼옼옼옼,4,0,0,4
아이유,4,0,0,4
알고보니유부녀,4,0,0,4
어느화창한봄날,4,0,0,4
에린,4,0,0,4
상남자,4,0,0,4
알럽민짱,4,0,0,4
엉덩이,4,0,0,4
엘류어드,4,0,0,4
연지곤지,4,0,0,4
옵빅,4,0,0,4
일체양,4,0,0,4
쟁웡잉,4,0,0,4
절뿌수다들킨스님,4,0,0,4
정민이,4,0,0,4
주나기야,4,0,0,4
징가,4,0,0,4
짱돌,4,0,0,4
청소,4,0,0,4
최고먹튀송은범,4,0,0,4
칸타렐라,4,0,0,4
쿠쿠리스,4,0,0,4
월셔,4,0,0,4
톡소는독소,4,0,0,4
플레임캐스터,4,0,0,4
피카츄,4,0,0,4
人僩,4,0,0,4
你的酒窩好可愛,4,0,0,4
冒險王,4,0,0,4
冷靜,4,0,0,4
好大一條蟲,4,0,0,4
好運貓頭鷹,4,0,0,4
寒霜犬,4,0,0,4
小紅帽恰恰,4,0,0,4
小鳥游六花,4,0,0,4
帥哥,4,0,0,4
微雨之曲,4,0,0,4
한갈안,4,0,0,4
可怜小春辛,4,0,0,4
奈思,4,0,0,4
我不喜歡聊天,4,0,0,4
我很帥也很溫柔,4,0,0,4
我的感覺啦,4,0,0,4
拉屎的男人,4,0,0,4
星奈,4,0,0,4
朱雀舞飛旋,4,0,0,4
洛神賦,4,0,0,4
為了污妖王,4,0,0,4
狗仔大神,4,0,0,4
猴子,4,0,0,4
白皮,4,0,0,4
秋山澪我老婆,4,0,0,4
絕世拿鐵,4,0,0,4
給力金剛,4,0,0,4
緯恩,4,0,0,4
習近平,4,0,0,4
舔妹妹的熊,4,0,0,4
艾克希特,4,0,0,4
萬引玄滅殺,4,0,0,4
蘆洲陳柏融,4,0,0,4
蜜蜂,4,0,0,4
蝴蝶,4,0,0,4
逸貳颯,4,0,0,4
紫月,4,0,0,4
肥臉姐姐,4,0,0,4
辣椒,4,0,0,4
霸咪,4,0,0,4
馒头帮㇑秋千,4,0,0,4
鬼魅萬年靈魂石,4,0,0,4
a6bIu,0,4,0,4
AbsenceH,0,4,0,4
Absolut,0,4,0,4
aconeni,0,4,0,4
Actis,0,4,0,4
Adisson,0,4,0,4
Adobe,0,4,0,4
Adramelech,0,4,0,4
Adriku,0,4,0,4
Aira247,0,4,0,4
AjWoj,0,4,0,4
AK3,0,4,0,4
Aldoc,0,4,0,4
aldriilivet,0,4,0,4
Alec,0,4,0,4
Alex2520,0,4,0,4
Alfredo,0,4,0,4
algemaríeis,0,4,0,4
Aliensanta,0,4,0,4
Alisec,0,4,0,4
allandios,0,4,0,4
Aloharmony,0,4,0,4
Alpiste,0,4,0,4
Amaranth,0,4,0,4
amazingstory,0,4,0,4
Ameno,0,4,0,4
andafern,0,4,0,4
Ando,0,4,0,4
Andrew5550,0,4,0,4
Andrikol,0,4,0,4
Anemone,0,4,0,4
Angar,0,4,0,4
Angel,0,4,0,4
Angelaffe,0,4,0,4
Angilicious,0,4,0,4
AnHippo,0,4,0,4
Antares,0,4,0,4
Anticool,0,4,0,4
Antihero,0,4,0,4
Antimony,0,4,0,4
Anub1sW3,0,4,0,4
apdo,0,4,0,4
applay,0,4,0,4
Arch,0,4,0,4
Archie,0,4,0,4
ArchPhantom,0,4,0,4
Arcwyn,0,4,0,4
Arden,0,4,0,4
argello,0,4,0,4
Ariel,0,4,0,4
Aries,0,4,0,4
Aris,0,4,0,4
Aristippe,0,4,0,4
Arsenal,0,4,0,4
ArticNick,0,4,0,4
Arys,0,4,0,4
Åsh,0,4,0,4
AshcanPete,0,4,0,4
Ashow,0,4,0,4
AsianPentrat,0,4,0,4
Asmodeo,0,4,0,4
Asparfan,0,4,0,4
astordor,0,4,0,4
ATBwkc,0,4,0,4
Atlas,0,4,0,4
ATMJason,0,4,0,4
Atom,0,4,0,4
Aukryx,0,4,0,4
Aura,0,4,0,4
Avarice,0,4,0,4
AVerySadMan,0,4,0,4
Avestruz,0,4,0,4
Awerth,0,4,0,4
Axilles2015,0,4,0,4
Axom,0,4,0,4
Axtimag,0,4,0,4
Ayce,0,4,0,4
Azerial,0,4,0,4
Azobi,0,4,0,4
b00mb00m,0,4,0,4
badbadnyc,0,4,0,4
Badmanis,0,4,0,4
BadWolf,0,4,0,4
Baggurd,0,4,0,4
Baguna,0,4,0,4
Balmain,0,4,0,4
Barotz,0,4,0,4
Barthoo,0,4,0,4
BasicIsland,0,4,0,4
Batserpentin,0,4,0,4
BattleFrog,0,4,0,4
Be3yH4uk,0,4,0,4
Beardlicious,0,4,0,4
Beeblebrox,0,4,0,4
BeepImaJeep,0,4,0,4
BeneDin,0,4,0,4
Berlin,0,4,0,4
Bestmarmotte,0,4,0,4
Bianco,0,4,0,4
BigBadBoy,0,4,0,4
billzed,0,4,0,4
Binyamin,0,4,0,4
BlackHole,0,4,0,4
blackjesus,0,4,0,4
BlackMage,0,4,0,4
BlazeBrok,0,4,0,4
blezzx,0,4,0,4
blisterguy,0,4,0,4
BlizCunn,0,4,0,4
BlizzIsEvil,0,4,0,4
BloodHunter,0,4,0,4
BlueBomber,0,4,0,4
Bnetplayer,0,4,0,4
BoardCtrl,0,4,0,4
Bofur,0,4,0,4
Bosshoe,0,4,0,4
BouncyKnight,0,4,0,4
BOURINATEUR,0,4,0,4
BoyNextDoor,0,4,0,4
Boysflare,0,4,0,4
boythnw,0,4,0,4
Bozonik,0,4,0,4
Bra1nOP,0,4,0,4
Brad,0,4,0,4
Bramby,0,4,0,4
BraveShine,0,4,0,4
Bread,0,4,0,4
BrokenZ,0,4,0,4
BrunoBuffa,0,4,0,4
Bubi,0,4,0,4
Buoi20cm,0,4,0,4
BUSOHSENSEN,0,4,0,4
buu,0,4,0,4
BZweers,0,4,0,4
CAJU,0,4,0,4
Caliban,0,4,0,4
CardPlayer,0,4,0,4
CardShark,0,4,0,4
Cartman,0,4,0,4
Cartoonhead,0,4,0,4
casanova,0,4,0,4
Caza,0,4,0,4
Cerodia,0,4,0,4
Ceser,0,4,0,4
Cettel,0,4,0,4
ChaGe,0,4,0,4
chase,0,4,0,4
chawybb,0,4,0,4
ChefZerg,0,4,0,4
Chemist,0,4,0,4
Chenzo,0,4,0,4
CheonJa,0,4,0,4
CherryGarden,0,4,0,4
Chest,0,4,0,4
chica,0,4,0,4
chinkeexd,0,4,0,4
ChoiJa,0,4,0,4
ChokladTomte,0,4,0,4
chorple,0,4,0,4
choru,0,4,0,4
chpatro,0,4,0,4
Chrish,0,4,0,4
Chronos,0,4,0,4
chunkOfMeat,0,4,0,4
Chunkyz,0,4,0,4
Claire,0,4,0,4
claris,0,4,0,4
clean,0,4,0,4
Cleytin,0,4,0,4
Clold,0,4,0,4
Clubpoke,0,4,0,4
CoalLover,0,4,0,4
Coco,0,4,0,4
Coldhands,0,4,0,4
CoolJun,0,4,0,4
CornSalad,0,4,0,4
CowboyGeorge,0,4,0,4
cramersch,0,4,0,4
Cratos,0,4,0,4
CrazeeDino,0,4,0,4
Crazyman69,0,4,0,4
Crimsi,0,4,0,4
Crtz,0,4,0,4
Cryptocoque,0,4,0,4
CsQuare,0,4,0,4
Cyberboltz61,0,4,0,4
d3spam,0,4,0,4
DaDutchDane,0,4,0,4
Daimao,0,4,0,4
DALBI,0,4,0,4
DannyDJ,0,4,0,4
DareYou,0,4,0,4
Darkand,0,4,0,4
DaRkArEs,0,4,0,4
darkduke,0,4,0,4
DarkestIowa,0,4,0,4
darkoni,0,4,0,4
DarkThorn,0,4,0,4
DarkWingZ,0,4,0,4
ddaac,0,4,0,4
DDOS,0,4,0,4
ddx,0,4,0,4
Deadmagician,0,4,0,4
Decliar,0,4,0,4
deepWATER,0,4,0,4
Deexter,0,4,0,4
Deezenutz,0,4,0,4
Deforge,0,4,0,4
DEGUR,0,4,0,4
dehabi,0,4,0,4
dejfit,0,4,0,4
Demon26,0,4,0,4
Demonslave,0,4,0,4
Deng,0,4,0,4
depthchargex,0,4,0,4
DespairPaint,0,4,0,4
Desschain,0,4,0,4
Dest1Ni,0,4,0,4
destrocode,0,4,0,4
Destructor,0,4,0,4
DEVangelis,0,4,0,4
DHawk,0,4,0,4
DieuXD515,0,4,0,4
Dirac,0,4,0,4
DiracRT,0,4,0,4
disko,0,4,0,4
Djaga,0,4,0,4
Dobbled,0,4,0,4
DoDo,0,4,0,4
Doedje,0,4,0,4
Dogsex,0,4,0,4
DojoDoge,0,4,0,4
DominicKrow,0,4,0,4
DominiuMundi,0,4,0,4
donkonit,0,4,0,4
Donn,0,4,0,4
DonnyKong,0,4,0,4
dontbemad,0,4,0,4
doomhammer,0,4,0,4
dorano,0,4,0,4
doubleuteef,0,4,0,4
Doug,0,4,0,4
DQBlizzard,0,4,0,4
DrAce,0,4,0,4
Dragons,0,4,0,4
Dreamer,0,4,0,4
Dreamlyul,0,4,0,4
DRONE,0,4,0,4
Drúgs,0,4,0,4
DrunkeN,0,4,0,4
Drusskov,0,4,0,4
DrZoidberg,0,4,0,4
duderaa,0,4,0,4
Duga,0,4,0,4
DutchMurloc,0,4,0,4
dvdpxt,0,4,0,4
DvineWrath,0,4,0,4
dylans,0,4,0,4
Dylansama,0,4,0,4
DyRexus,0,4,0,4
EchoRoup,0,4,0,4
eckler,0,4,0,4
ecoo,0,4,0,4
effole,0,4,0,4
ego1415,0,4,0,4
EGOIST,0,4,0,4
EgyVadRetek,0,4,0,4
einzombie,0,4,0,4
eklaN,0,4,0,4
Eljen,0,4,0,4
Ellie,0,4,0,4
ELPrymar,0,4,0,4
Elros,0,4,0,4
Eltinho,0,4,0,4
ÊMĘȐǞŁÐŜ,0,4,0,4
EndBoss,0,4,0,4
Endirvis,0,4,0,4
EndlessRain,0,4,0,4
ENSO,0,4,0,4
EpicPants,0,4,0,4
epikfejler,0,4,0,4
Epiphone,0,4,0,4
Epirath,0,4,0,4
Erestor,0,4,0,4
Eric1127,0,4,0,4
ertert456,0,4,0,4
eru12,0,4,0,4
Esdeath,0,4,0,4
Eselore,0,4,0,4
Esoteric,0,4,0,4
EstevaoKR,0,4,0,4
Eugene,0,4,0,4
Eun,0,4,0,4
Evenstar,0,4,0,4
Evileet,0,4,0,4
expiation,0,4,0,4
Faine,0,4,0,4
fairywoody,0,4,0,4
Falle,0,4,0,4
Faster,0,4,0,4
Feanorr,0,4,0,4
Fearmongler,0,4,0,4
felicia,0,4,0,4
Feminist,0,4,0,4
feNix14,0,4,0,4
Fergg,0,4,0,4
fessf,0,4,0,4
Fidel,0,4,0,4
FinalSlayer,0,4,0,4
Finholdt,0,4,0,4
Firebolt,0,4,0,4
FishermanGr,0,4,0,4
Fixel,0,4,0,4
Flacolaco,0,4,0,4
FlamingoNi,0,4,0,4
Flandre,0,4,0,4
flappy,0,4,0,4
FlashGordon,0,4,0,4
Flatralles,0,4,0,4
flavve,0,4,0,4
floopy,0,4,0,4
flørian68,0,4,0,4
FlowLIkeMgma,0,4,0,4
flux,0,4,0,4
FNKYMNK,0,4,0,4
Fnugg,0,4,0,4
Fogel,0,4,0,4
Forced,0,4,0,4
ForDaKing,0,4,0,4
Forse,0,4,0,4
FoxyKoxy6878,0,4,0,4
Fpv000,0,4,0,4
frainystyle,0,4,0,4
Fredi,0,4,0,4
FreeFarm,0,4,0,4
freeman,0,4,0,4
FreeTime,0,4,0,4
Frenzo,0,4,0,4
Ftefan,0,4,0,4
fuji,0,4,0,4
fulllove2005,0,4,0,4
fURi,0,4,0,4
FuSion,0,4,0,4
Fussball,0,4,0,4
Fwiffo,0,4,0,4
Gabee,0,4,0,4
Gaetus,0,4,0,4
Gagger,0,4,0,4
Gaiabeata,0,4,0,4
galag0,0,4,0,4
Galaxyester,0,4,0,4
Galdaan,0,4,0,4
Gallaron,0,4,0,4
galvatron,0,4,0,4
Gas,0,4,0,4
Gavril,0,4,0,4
Gawii,0,4,0,4
geek,0,4,0,4
Genxz,0,4,0,4
georgerox,0,4,0,4
gepetto1er,0,4,0,4
Ger4ik,0,4,0,4
Gera,0,4,0,4
Gera89,0,4,0,4
GGASergi975,0,4,0,4
Ggiwdul,0,4,0,4
Ghawk34,0,4,0,4
ghorghor,0,4,0,4
GiBiLaN,0,4,0,4
GidroSloniK,0,4,0,4
giraffe,0,4,0,4
Giries,0,4,0,4
giyotin,0,4,0,4
Glacier,0,4,0,4
gladyn,0,4,0,4
GLapSs,0,4,0,4
Gleecerine,0,4,0,4
gly,0,4,0,4
Gmaster,0,4,0,4
Gnagor,0,4,0,4
GodDoDo,0,4,0,4
godlike,0,4,0,4
GodOfMayhem,0,4,0,4
GoldenPants,0,4,0,4
GOLDGEE,0,4,0,4
GOLEM,0,4,0,4
Gonzalitoff,0,4,0,4
GoodDay,0,4,0,4
goodis0,0,4,0,4
Gopolopo,0,4,0,4
Granzo,0,4,0,4
GreenViking,0,4,0,4
grekori,0,4,0,4
Griotgard,0,4,0,4
GrumpyKitten,0,4,0,4
GuGubic,0,4,0,4
Hagis,0,4,0,4
Haikala,0,4,0,4
HakunaMatata,0,4,0,4
Hameln,0,4,0,4
Hammer,0,4,0,4
haniwa,0,4,0,4
happ41k,0,4,0,4
Happy,0,4,0,4
HappyChemist,0,4,0,4
Haruchin,0,4,0,4
Hashira,0,4,0,4
Hatty,0,4,0,4
Heikel,0,4,0,4
Helhest,0,4,0,4
helloAlabama,0,4,0,4
Hellplague,0,4,0,4
Hellworker,0,4,0,4
Hemosa,0,4,0,4
HeRiTaGE,0,4,0,4
Hermit,0,4,0,4
HeroWX,0,4,0,4
Hicardo,0,4,0,4
hide4073,0,4,0,4
HierroDuro,0,4,0,4
HIGHGAMY,0,4,0,4
Highstream,0,4,0,4
hiro,0,4,0,4
hisago,0,4,0,4
HitThatYeet,0,4,0,4
hko,0,4,0,4
HLV,0,4,0,4
HmmmPie,0,4,0,4
Hoagithor,0,4,0,4
home1937,0,4,0,4
Hopkins,0,4,0,4
how,0,4,0,4
HSsuckssobad,0,4,0,4
huanli,0,4,0,4
HUARIU,0,4,0,4
Huby,0,4,0,4
Huntaz,0,4,0,4
Hurryupidiot,0,4,0,4
HypnoChron,0,4,0,4
Hystify,0,4,0,4
Hyun,0,4,0,4
IamShade,0,4,0,4
IamVeteran,0,4,0,4
Ibalgin,0,4,0,4
iDC,0,4,0,4
Idolmaster,0,4,0,4
Ignatus,0,4,0,4
IhateHS,0,4,0,4
iii,0,4,0,4
ikari,0,4,0,4
ILUMS,0,4,0,4
imacat,0,4,0,4
IMFAT,0,4,0,4
Immaculate,0,4,0,4
iMurfdoggie1,0,4,0,4
inaeda,0,4,0,4
inbang0603,0,4,0,4
Inc,0,4,0,4
Infinite,0,4,0,4
InYourFace,0,4,0,4
IOD,0,4,0,4
Iosonopapi,0,4,0,4
iRaindrop,0,4,0,4
IrokuSaikaru,0,4,0,4
IronMan,0,4,0,4
ITACHI,0,4,0,4
Itim,0,4,0,4
ItoPikFik,0,4,0,4
ItsYaBoi,0,4,0,4
IvanNguyen,0,4,0,4
Izaankml,0,4,0,4
J03Y,0,4,0,4
JacoboX,0,4,0,4
JaegeR98,0,4,0,4
Jailson,0,4,0,4
Jamminzz,0,4,0,4
jarjar228,0,4,0,4
JeffDaniels,0,4,0,4
Jeffer,0,4,0,4
JeffISA,0,4,0,4
JenRen,0,4,0,4
Jeronimooo,0,4,0,4
jerry,0,4,0,4
Jinrop,0,4,0,4
Jinzou,0,4,0,4
JJUL,0,4,0,4
Jlj1997,0,4,0,4
JmK,0,4,0,4
JMPHK,0,4,0,4
Johnyb,0,4,0,4
JoJoNam,0,4,0,4
Jolbakk,0,4,0,4
jon13,0,4,0,4
Joppzaa,0,4,0,4
Jordi,0,4,0,4
Joroboros,0,4,0,4
Joshua,0,4,0,4
jottaviani,0,4,0,4
Jotunborn,0,4,0,4
JRB,0,4,0,4
JTaZeR,0,4,0,4
juan233,0,4,0,4
Julien,0,4,0,4
JunkBond,0,4,0,4
justiTFLaTea,0,4,0,4
jvx,0,4,0,4
k3fir4ik322,0,4,0,4
Ka0lho,0,4,0,4
Kabi,0,4,0,4
Kaina,0,4,0,4
Kaizer,0,4,0,4
Kalovf,0,4,0,4
kanabunbun,0,4,0,4
Kanee,0,4,0,4
Kang,0,4,0,4
karatek,0,4,0,4
Kardiolog,0,4,0,4
kavan753120,0,4,0,4
Kazero,0,4,0,4
kekkone987,0,4,0,4
kenntanaka1,0,4,0,4
Kennu,0,4,0,4
kerorin,0,4,0,4
kevin628,0,4,0,4
KevinWang,0,4,0,4
Khaldun,0,4,0,4
KhuongDepZai,0,4,0,4
Kichron,0,4,0,4
kikikyo,0,4,0,4
Killmebr,0,4,0,4
Kiltro,0,4,0,4
Kimiru,0,4,0,4
KingSobe,0,4,0,4
kio,0,4,0,4
Kior,0,4,0,4
Kioya,0,4,0,4
Kiriranshero,0,4,0,4
kk1656,0,4,0,4
Kladry,0,4,0,4
KLouvan,0,4,0,4
KMRK,0,4,0,4
Knop2086,0,4,0,4
kokonoka,0,4,0,4
koksuproksu,0,4,0,4
Komekko,0,4,0,4
komino,0,4,0,4
kon0014,0,4,0,4
Korean,0,4,0,4
Koutas,0,4,0,4
KoyoteKamper,0,4,0,4
Krama13,0,4,0,4
KratosMirko,0,4,0,4
KRD,0,4,0,4
Kriff,0,4,0,4
Krosea,0,4,0,4
KuNa,0,4,0,4
Kura,0,4,0,4
kurogame,0,4,0,4
Kusii,0,4,0,4
KVG,0,4,0,4
Kwon,0,4,0,4
kyak23,0,4,0,4
KyleYAB,0,4,0,4
Kyps,0,4,0,4
KZL,0,4,0,4
L0gan,0,4,0,4
L30,0,4,0,4
LackeyZero,0,4,0,4
LaDecadence,0,4,0,4
ladiesman,0,4,0,4
Ladyartema,0,4,0,4
LalkiN1488,0,4,0,4
Lani,0,4,0,4
Lannister,0,4,0,4
laowaibudie,0,4,0,4
Lasse,0,4,0,4
Last,0,4,0,4
Lavaturns,0,4,0,4
Lazer,0,4,0,4
LED269R,0,4,0,4
leejun,0,4,0,4
Leivinia,0,4,0,4
lennom,0,4,0,4
leonard,0,4,0,4
Lepered,0,4,0,4
Lickbarg,0,4,0,4
Lied,0,4,0,4
Lifebane,0,4,0,4
Lifer,0,4,0,4
LightMist,0,4,0,4
LightningTim,0,4,0,4
LILIKOLOLO,0,4,0,4
Lilwangs,0,4,0,4
lineric,0,4,0,4
Linus,0,4,0,4
LIon,0,4,0,4
Lipo,0,4,0,4
littleJJ,0,4,0,4
LiveForLife,0,4,0,4
LLIyT,0,4,0,4
Lngsk99,0,4,0,4
lobbit1,0,4,0,4
LogicalDream,0,4,0,4
LoneWolf,0,4,0,4
loo,0,4,0,4
Look,0,4,0,4
lordhx,0,4,0,4
LordofLords,0,4,0,4
Lorgan,0,4,0,4
LotusKnight,0,4,0,4
LPgod830,0,4,0,4
LPRenew,0,4,0,4
LuChao,0,4,0,4
Lucius,0,4,0,4
luciusy,0,4,0,4
Luckybin,0,4,0,4
Ludwing,0,4,0,4
luffy,0,4,0,4
LuisF25,0,4,0,4
Luksi,0,4,0,4
Luky,0,4,0,4
Lupan,0,4,0,4
Luzan,0,4,0,4
LW777,0,4,0,4
lys,0,4,0,4
m3cu,0,4,0,4
Maacias,0,4,0,4
machturtle,0,4,0,4
madBOY,0,4,0,4
Magnijung,0,4,0,4
MagWay,0,4,0,4
majsssster,0,4,0,4
Malek,0,4,0,4
Malicious,0,4,0,4
Mamácebollas,0,4,0,4
Mammour,0,4,0,4
Mandalf,0,4,0,4
Mangan232,0,4,0,4
ManJa,0,4,0,4
ManUnited,0,4,0,4
ManWithBeard,0,4,0,4
mao,0,4,0,4
Maredasan,0,4,0,4
Martian,0,4,0,4
Martins,0,4,0,4
MARV,0,4,0,4
Mashido,0,4,0,4
masinc,0,4,0,4
Masistas,0,4,0,4
MathemW,0,4,0,4
MathiasT,0,4,0,4
mavpet,0,4,0,4
maxtf61,0,4,0,4
Mayushii,0,4,0,4
mcgormack,0,4,0,4
Meda,0,4,0,4
MedLife,0,4,0,4
meetya,0,4,0,4
Mejsik,0,4,0,4
Melode,0,4,0,4
Melody,0,4,0,4
Memento,0,4,0,4
MementoMori,0,4,0,4
Meongdo,0,4,0,4
Mesmile,0,4,0,4
METEORA,0,4,0,4
method4s,0,4,0,4
MeveriK,0,4,0,4
MGalbiatti,0,4,0,4
MiBuDArK,0,4,0,4
Micron,0,4,0,4
mikezhao,0,4,0,4
MilfMaker,0,4,0,4
mimikrid,0,4,0,4
MintVanilla,0,4,0,4
Miri,0,4,0,4
Miscelaneo,0,4,0,4
Missile,0,4,0,4
Mist,0,4,0,4
MisterAugust,0,4,0,4
Mitchinho,0,4,0,4
Mitchriz,0,4,0,4
Mivo,0,4,0,4
Miyakoo,0,4,0,4
mLsFaN,0,4,0,4
MNDL,0,4,0,4
mOhmOh,0,4,0,4
Molossus,0,4,0,4
Montl3LaNc,0,4,0,4
MoOky,0,4,0,4
Moolala,0,4,0,4
Moonlight,0,4,0,4
Moses170,0,4,0,4
Motokets,0,4,0,4
Motovin,0,4,0,4
MrArximond,0,4,0,4
MrDudeManSir,0,4,0,4
MrF2P,0,4,0,4
MrGame,0,4,0,4
MrMizashi,0,4,0,4
MrSewcio,0,4,0,4
MrSHOMEN,0,4,0,4
MSung,0,4,0,4
MTNMAN14,0,4,0,4
Muggles,0,4,0,4
MXW,0,4,0,4
Nairamus,0,4,0,4
Naisu,0,4,0,4
naitroh2o,0,4,0,4
Nakastone,0,4,0,4
nameless,0,4,0,4
naru,0,4,0,4
natie,0,4,0,4
naTrificial,0,4,0,4
natsumi,0,4,0,4
Naturesbf,0,4,0,4
Nausicaa,0,4,0,4
Nazih26,0,4,0,4
Nbd,0,4,0,4
nBeezy,0,4,0,4
nburst,0,4,0,4
Neid,0,4,0,4
NeKTy,0,4,0,4
Neo,0,4,0,4
NeoConker,0,4,0,4
Neta,0,4,0,4
NeymarB17,0,4,0,4
NiceDay,0,4,0,4
NickTom,0,4,0,4
nico19,0,4,0,4
NicoM,0,4,0,4
Niconr,0,4,0,4
NightKnight,0,4,0,4
NightM4re,0,4,0,4
NightRaven,0,4,0,4
Nilad,0,4,0,4
Nilatarion,0,4,0,4
NiMyunSang,0,4,0,4
Nirvana,0,4,0,4
NiTaaaa,0,4,0,4
Niyara,0,4,0,4
NoControl,0,4,0,4
NoFate26,0,4,0,4
nogood,0,4,0,4
nohalt,0,4,0,4
Nomypenta,0,4,0,4
NonNtTy,0,4,0,4
Noodles,0,4,0,4
Nordeson,0,4,0,4
Norwich,0,4,0,4
Nosu,0,4,0,4
NotYourDay,0,4,0,4
NovaTF,0,4,0,4
Nysteb,0,4,0,4
Nytract,0,4,0,4
OathD3,0,4,0,4
Observer,0,4,0,4
OceanBlue445,0,4,0,4
OckoJlok,0,4,0,4
Oddgamerv2,0,4,0,4
offonoff,0,4,0,4
OFNAA,0,4,0,4
Okeie,0,4,0,4
OldZWolf,0,4,0,4
Olivert,0,4,0,4
OMEGA,0,4,0,4
omelette,0,4,0,4
openeyes,0,4,0,4
Øphelîa,0,4,0,4
oppa,0,4,0,4
OPxZigman,0,4,0,4
oralon,0,4,0,4
osha,0,4,0,4
oskros,0,4,0,4
ovqFLASH,0,4,0,4
Oxmo911,0,4,0,4
Pachimaru,0,4,0,4
pain,0,4,0,4
PandaLin,0,4,0,4
PangurBan,0,4,0,4
PaniKurip,0,4,0,4
Papo,0,4,0,4
Parapixel,0,4,0,4
Pariss,0,4,0,4
Pasko,0,4,0,4
Patrixk,0,4,0,4
patrolnik95,0,4,0,4
Paulierer,0,4,0,4
PBergTVTill,0,4,0,4
PeachClassic,0,4,0,4
PedritoSola,0,4,0,4
peer263,0,4,0,4
Pegasusxo,0,4,0,4
PentaRainbow,0,4,0,4
PervyOldGuy,0,4,0,4
Petite,0,4,0,4
Petrucci,0,4,0,4
phalgrave,0,4,0,4
Phantom,0,4,0,4
PhD,0,4,0,4
Philo,0,4,0,4
picht,0,4,0,4
Pinselohr,0,4,0,4
pischner,0,4,0,4
Pister,0,4,0,4
pitbuul123,0,4,0,4
Plaatart,0,4,0,4
Poco,0,4,0,4
Pokerman1991,0,4,0,4
policecap,0,4,0,4
Polt,0,4,0,4
Ponyo,0,4,0,4
Popipp,0,4,0,4
posthuman,0,4,0,4
PPANE,0,4,0,4
ppodong,0,4,0,4
prasanna2991,0,4,0,4
Pretorian,0,4,0,4
Pridurok,0,4,0,4
PrienZ,0,4,0,4
Profanello,0,4,0,4
PSwc,0,4,0,4
Pulsar47,0,4,0,4
punisher,0,4,0,4
pwpr,0,4,0,4
Pyrrhos,0,4,0,4
QonQ,0,4,0,4
Qsilent,0,4,0,4
quad,0,4,0,4
quasar,0,4,0,4
Queek,0,4,0,4
qwanchi,0,4,0,4
qweezi,0,4,0,4
r1se,0,4,0,4
R4sh,0,4,0,4
RACHETMASTER,0,4,0,4
Radiance,0,4,0,4
raimo100,0,4,0,4
Ralle,0,4,0,4
Ran27,0,4,0,4
randomstring,0,4,0,4
Rapport,0,4,0,4
ravexnous,0,4,0,4
Razcal,0,4,0,4
RaZoR,0,4,0,4
RBOliver,0,4,0,4
Realslow,0,4,0,4
Reflex,0,4,0,4
ReinForce,0,4,0,4
Reol,0,4,0,4
requin,0,4,0,4
reqvam,0,4,0,4
Respect,0,4,0,4
Rex,0,4,0,4
rft,0,4,0,4
Riakaion,0,4,0,4
Ric23,0,4,0,4
ricezuki,0,4,0,4
Rightmeta,0,4,0,4
River,0,4,0,4
RL3,0,4,0,4
RLiang,0,4,0,4
rock,0,4,0,4
Rokkebol,0,4,0,4
roshan,0,4,0,4
Rosslerouge,0,4,0,4
Roufs,0,4,0,4
Roulian,0,4,0,4
Rours,0,4,0,4
Royce,0,4,0,4
RR,0,4,0,4
RubenBaro,0,4,0,4
Ruffini,0,4,0,4
Ruslan,0,4,0,4
RussianStyle,0,4,0,4
RxHarry,0,4,0,4
RYick,0,4,0,4
Rykyem,0,4,0,4
Ryuh,0,4,0,4
SABLEONE,0,4,0,4
Sadato,0,4,0,4
sadisticcat,0,4,0,4
Sahbrant,0,4,0,4
saidavid,0,4,0,4
sake,0,4,0,4
Sakura,0,4,0,4
sali,0,4,0,4
salsalyo,0,4,0,4
samotng,0,4,0,4
Sanka,0,4,0,4
SaNtaMaNgA,0,4,0,4
SantaSam,0,4,0,4
Satpat,0,4,0,4
Saviour,0,4,0,4
Savjz,0,4,0,4
ScarletAerie,0,4,0,4
ScarletPetal,0,4,0,4
Scary,0,4,0,4
Schluluflipi,0,4,0,4
schtvr,0,4,0,4
Scorpiohs,0,4,0,4
SeakerMissle,0,4,0,4
Secret,0,4,0,4
Selezar,0,4,0,4
Sereno,0,4,0,4
Seriy32,0,4,0,4
Seviang,0,4,0,4
SexyNerd,0,4,0,4
Shade,0,4,0,4
ShadFR,0,4,0,4
Shadoc,0,4,0,4
shadow610,0,4,0,4
Shadowproves,0,4,0,4
Shaggeh,0,4,0,4
Shara,0,4,0,4
Sharkuu,0,4,0,4
Sharpy,0,4,0,4
Shayd,0,4,0,4
Shedew,0,4,0,4
Sheff,0,4,0,4
Shelti,0,4,0,4
shemm44,0,4,0,4
sherman,0,4,0,4
shikaka,0,4,0,4
Shikarno3ooo,0,4,0,4
shindiggg,0,4,0,4
Shino,0,4,0,4
shinobu,0,4,0,4
Shinzo,0,4,0,4
shirasu,0,4,0,4
shooba,0,4,0,4
Shortii,0,4,0,4
Shorts,0,4,0,4
shots,0,4,0,4
Shutter1,0,4,0,4
Sil,0,4,0,4
SilentKing,0,4,0,4
SilentViP,0,4,0,4
SimG,0,4,0,4
SimpleCubic,0,4,0,4
Simpleton,0,4,0,4
Sippiecool,0,4,0,4
SirHS,0,4,0,4
SirSmOrcAlot,0,4,0,4
Sivert,0,4,0,4
Skammie,0,4,0,4
Skytear,0,4,0,4
Slam,0,4,0,4
Sleepiness,0,4,0,4
SLHD,0,4,0,4
Slim,0,4,0,4
SlipperyOne,0,4,0,4
SloppyJoe,0,4,0,4
slor,0,4,0,4
Smaug,0,4,0,4
SMDBH,0,4,0,4
Smudge,0,4,0,4
Snapvigne44,0,4,0,4
Snicker,0,4,0,4
Sniper,0,4,0,4
Snorlax,0,4,0,4
soar,0,4,0,4
society,0,4,0,4
Sohnhy,0,4,0,4
SolarFlare,0,4,0,4
Solo,0,4,0,4
Solojazz,0,4,0,4
Sonecarox,0,4,0,4
SoneSNSD,0,4,0,4
SonikHolik,0,4,0,4
SonnyBlack,0,4,0,4
Sora,0,4,0,4
SORS,0,4,0,4
sorty22,0,4,0,4
SoulAkouette,0,4,0,4
Soulgarde,0,4,0,4
Spanky,0,4,0,4
Sparthäk,0,4,0,4
Spyder,0,4,0,4
Squirting86,0,4,0,4
ssh,0,4,0,4
st1zzo,0,4,0,4
Stanislav,0,4,0,4
STAR,0,4,0,4
starian,0,4,0,4
STARK,0,4,0,4
StArMoon,0,4,0,4
Starter,0,4,0,4
Stealth,0,4,0,4
Steelriot,0,4,0,4
steen05,0,4,0,4
Stelaras,0,4,0,4
Stevenwoo,0,4,0,4
stOrm,0,4,0,4
Strafos,0,4,0,4
strangerj,0,4,0,4
Stratos,0,4,0,4
Strix,0,4,0,4
Summan,0,4,0,4
SUNA27X,0,4,0,4
Sunege,0,4,0,4
SUNG,0,4,0,4
superimoko,0,4,0,4
Suriri,0,4,0,4
Suttlesworth,0,4,0,4
Suzu,0,4,0,4
Sveiks,0,4,0,4
swagstaff,0,4,0,4
SweetPromise,0,4,0,4
swish,0,4,0,4
Taco212,0,4,0,4
taeyeon,0,4,0,4
taicloud,0,4,0,4
takesan,0,4,0,4
Takhyeongjin,0,4,0,4
TaPa,0,4,0,4
Taras,0,4,0,4
TCJK,0,4,0,4
Teemogodx,0,4,0,4
TeeZaNaKub,0,4,0,4
tehbollejam,0,4,0,4
telcome,0,4,0,4
TenPoint,0,4,0,4
TEO,0,4,0,4
Tepadzija,0,4,0,4
Terekon,0,4,0,4
TerrorBlade,0,4,0,4
Tesoro,0,4,0,4
TheBestNic,0,4,0,4
TheChopper,0,4,0,4
TheFishermen,0,4,0,4
TheJinx,0,4,0,4
thejst,0,4,0,4
theK,0,4,0,4
TheRedArmy,0,4,0,4
TheRedBaron,0,4,0,4
TheSeeker128,0,4,0,4
TheTop283,0,4,0,4
ThInKy,0,4,0,4
thomasdqy,0,4,0,4
Tib,0,4,0,4
Tick,0,4,0,4
TiltedAsF,0,4,0,4
Tim,0,4,0,4
timpetu,0,4,0,4
titou164,0,4,0,4
tobira,0,4,0,4
tocookie,0,4,0,4
todnw,0,4,0,4
Togmund,0,4,0,4
ToiletPaper,0,4,0,4
TomLocke,0,4,0,4
TomPetty,0,4,0,4
TonyGR,0,4,0,4
Toofna,0,4,0,4
Topdeck,0,4,0,4
topdeckman,0,4,0,4
Toplnw,0,4,0,4
TopoMaster,0,4,0,4
Torso,0,4,0,4
Tortes,0,4,0,4
TP7,0,4,0,4
TraPBeaver,0,4,0,4
triplekei,0,4,0,4
Tropi,0,4,0,4
Truffaut,0,4,0,4
TsukuyomiShu,0,4,0,4
tubo,0,4,0,4
TUGIS,0,4,0,4
Tuliowz,0,4,0,4
twittmann,0,4,0,4
TyR,0,4,0,4
Tyranese,0,4,0,4
Tzmukan,0,4,0,4
Ucuun,0,4,0,4
Ukn0w,0,4,0,4
Unholyfrenzy,0,4,0,4
unreal,0,4,0,4
Unstoppable,0,4,0,4
Uoden,0,4,0,4
UTern,0,4,0,4
UWILLDYE,0,4,0,4
vahlavash,0,4,0,4
vainabyss,0,4,0,4
Vallux,0,4,0,4
Valo69,0,4,0,4
Valygr,0,4,0,4
Vanquisher,0,4,0,4
VasileDulap,0,4,0,4
Vegeta,0,4,0,4
veirag,0,4,0,4
veksi,0,4,0,4
vendetta,0,4,0,4
venfyn,0,4,0,4
veritas,0,4,0,4
Vertov,0,4,0,4
viciousgouge,0,4,0,4
victort0000,0,4,0,4
vientos,0,4,0,4
viff78,0,4,0,4
vincentwai,0,4,0,4
vinskider090,0,4,0,4
Viperlord0,0,4,0,4
VIPerPRO,0,4,0,4
ViVi,0,4,0,4
vladac,0,4,0,4
Vladimir,0,4,0,4
Vlady,0,4,0,4
Vol,0,4,0,4
VonTeese,0,4,0,4
voo,0,4,0,4
Vyxy,0,4,0,4
WAGO,0,4,0,4
Waikiki,0,4,0,4
Waldinho,0,4,0,4
walrus75,0,4,0,4
wangzai,0,4,0,4
Wany,0,4,0,4
WatchMaker,0,4,0,4
WaterbOTTle,0,4,0,4
Waterloooooo,0,4,0,4
wayang,0,4,0,4
weGucci,0,4,0,4
Weismann,0,4,0,4
weoew,0,4,0,4
WetPantz,0,4,0,4
WhettAM,0,4,0,4
whiteshark,0,4,0,4
Wiarnot,0,4,0,4
WillKenji,0,4,0,4
Winter,0,4,0,4
WinterArcher,0,4,0,4
Wottawa,0,4,0,4
wowwuar,0,4,0,4
Wrighter,0,4,0,4
Wtiger,0,4,0,4
Xarys,0,4,0,4
xbury10,0,4,0,4
Xcelsior,0,4,0,4
XELOS,0,4,0,4
Xenon2la,0,4,0,4
XLeration,0,4,0,4
xouspa,0,4,0,4
xow,0,4,0,4
XTYLING,0,4,0,4
xXMeTaL3GXx,0,4,0,4
YaMaTo,0,4,0,4
YanMiller,0,4,0,4
YASHINYAN,0,4,0,4
yellowman,0,4,0,4
Yodaxl7,0,4,0,4
YOLOCAUST,0,4,0,4
young,0,4,0,4
Yoyo,0,4,0,4
Ypres,0,4,0,4
YRCK,0,4,0,4
Ysthas,0,4,0,4
YuGiOh,0,4,0,4
Yuji,0,4,0,4
yunsang2003,0,4,0,4
YuSheng,0,4,0,4
yutan,0,4,0,4
YvanAntoine,0,4,0,4
Zane,0,4,0,4
Zarkon,0,4,0,4
Zavada,0,4,0,4
Zenos,0,4,0,4
Ziedler,0,4,0,4
Ziezor,0,4,0,4
ZinjaNombie,0,4,0,4
ZoneRu,0,4,0,4
zoohem,0,4,0,4
ZooTangClan,0,4,0,4
Zorinos,0,4,0,4
Zuranthium,0,4,0,4
zyunari,0,4,0,4
Александр,0,4,0,4
Гимназия94,0,4,0,4
ЗаАльянс,0,4,0,4
КорольПсов,0,4,0,4
Леший,0,4,0,4
Па2,0,4,0,4
Папа,0,4,0,4
СвятОй,0,4,0,4
Стеффан,0,4,0,4
ТузикКузик77,0,4,0,4
Фантом,0,4,0,4
Хаоса,0,4,0,4
Эклс,0,4,0,4
あいしう,0,4,0,4
かやのん,0,4,0,4
こくとー,0,4,0,4
サンた~!?,0,4,0,4
しゃみー,0,4,0,4
ジュウザ,0,4,0,4
じょいといんリン,0,4,0,4
すずきひろき,0,4,0,4
テラナイト,0,4,0,4
とりかわ,0,4,0,4
はすで,0,4,0,4
ぱっつぁん,0,4,0,4
ばな,0,4,0,4
バビロン,0,4,0,4
ピキュ,0,4,0,4
ビショップ厨,0,4,0,4
フローリア,0,4,0,4
マグマン,0,4,0,4
みしゃ,0,4,0,4
メガネ,0,4,0,4
ラッキータイガー,0,4,0,4
가나다연우,0,4,0,4
가라사대,0,4,0,4
갈라드리엘,0,4,0,4
감자귤,0,4,0,4
갓윤나,0,4,0,4
개수구,0,4,0,4
갸갸,0,4,0,4
거유파닭,0,4,0,4
건신,0,4,0,4
겸현,0,4,0,4
고라파덕,0,4,0,4
고추잠지리,0,4,0,4
공부하지마,0,4,0,4
광포한까마귀,0,4,0,4
군대감,0,4,0,4
그게뭐임,0,4,0,4
그롬마쉬헬스크림,0,4,0,4
그상대는히기카드,0,4,0,4
기리보이,0,4,0,4
기이한현상,0,4,0,4
김닥물,0,4,0,4
김민권,0,4,0,4
김성찬,0,4,0,4
김송곳,0,4,0,4
김피생,0,4,0,4
꽃보다락스타,0,4,0,4
나가사끼짬뽕,0,4,0,4
나노봇,0,4,0,4
나만운없어진짜,0,4,0,4
나연,0,4,0,4
내눈을믿을수없군,0,4,0,4
녹턴,0,4,0,4
뉴클리어,0,4,0,4
다이김,0,4,0,4
달빛조각사,0,4,0,4
대리기사유희왕,0,4,0,4
더겜소년,0,4,0,4
덤벼라잦밥들아,0,4,0,4
데스포그,0,4,0,4
도곡2동,0,4,0,4
도아지,0,4,0,4
도야지,0,4,0,4
두돌이,0,4,0,4
드루이드,0,4,0,4
드림카카오,0,4,0,4
딸기,0,4,0,4
라리루레로,0,4,0,4
라면,0,4,0,4
락령선훈저,0,4,0,4
로안,0,4,0,4
로이드,0,4,0,4
롤생선,0,4,0,4
리노흑마,0,4,0,4
마법사,0,4,0,4
마테차,0,4,0,4
맛있는감자깡,0,4,0,4
망치각수,0,4,0,4
메론향캔디,0,4,0,4
모모,0,4,0,4
무한,0,4,0,4
뭘해도예쁜걸,0,4,0,4
밀가루탄,0,4,0,4
백또잠,0,4,0,4
베리,0,4,0,4
보통케이,0,4,0,4
브로으콜리,0,4,0,4
블랙매지션,0,4,0,4
비공개,0,4,0,4
비닉,0,4,0,4
뺑덕이애인,0,4,0,4
뻐미,0,4,0,4
사우나전설,0,4,0,4
산림,0,4,0,4
샤프너,0,4,0,4
송멜로,0,4,0,4
술에취한나그네,0,4,0,4
시크,0,4,0,4
시티,0,4,0,4
신나는게임,0,4,0,4
실나바스,0,4,0,4
아더,0,4,0,4
악동냥이,0,4,0,4
안녕내이웃,0,4,0,4
알룩이,0,4,0,4
애시드락,0,4,0,4
애오개,0,4,0,4
야자와니코,0,4,0,4
약강,0,4,0,4
양금모,0,4,0,4
양쌈,0,4,0,4
양원철,0,4,0,4
어지러운부엉이,0,4,0,4
에덴,0,4,0,4
엔터,0,4,0,4
엘시니아,0,4,0,4
엠프,0,4,0,4
여뷰니,0,4,0,4
열망,0,4,0,4
영웅,0,4,0,4
영화,0,4,0,4
오뚝이,0,4,0,4
오월,0,4,0,4
옴파로스,0,4,0,4
외계리듬,0,4,0,4
우롱이,0,4,0,4
우주게이히맨,0,4,0,4
워지,0,4,0,4
윳후술사,0,4,0,4
잇츠스킨,0,4,0,4
장그래,0,4,0,4
전투개구리,0,4,0,4
정릉피바다,0,4,0,4
정제된설탕,0,4,0,4
젠다님,0,4,0,4
주인님,0,4,0,4
준영콩,0,4,0,4
지금간다,0,4,0,4
지나가던놈,0,4,0,4
청운,0,4,0,4
출민이,0,4,0,4
치차리토,0,4,0,4
치킨,0,4,0,4
치킨은퍽퍽살,0,4,0,4
카민,0,4,0,4
캔스탑,0,4,0,4
콩남이,0,4,0,4
쿠웩,0,4,0,4
쿠이,0,4,0,4
쿨동,0,4,0,4
쿼터엘프,0,4,0,4
키엘리니,0,4,0,4
털밑썸씽,0,4,0,4
토끼,0,4,0,4
통마늘,0,4,0,4
투기장초고수,0,4,0,4
티란투스,0,4,0,4
파카루라,0,4,0,4
폴로,0,4,0,4
퐁퐁도리,0,4,0,4
피오스,0,4,0,4
한국의덱메이커,0,4,0,4
한웅희님,0,4,0,4
허재정,0,4,0,4
홍냥,0,4,0,4
황준성,0,4,0,4
흐코,0,4,0,4
흑곰,0,4,0,4
一念花開,0,4,0,4
不思議なノーム,0,4,0,4
不要不要,0,4,0,4
五香肉丁,0,4,0,4
佛劍分說,0,4,0,4
傻仔林曉框,0,4,0,4
喚風者,0,4,0,4
四月是你的謊言,0,4,0,4
回不去的悔恨,0,4,0,4
太陽萬歲,0,4,0,4
姆姆鼠,0,4,0,4
姨媽是會呼吸的痛,0,4,0,4
娘砲血精靈,0,4,0,4
子不語,0,4,0,4
富士山下,0,4,0,4
寧靜以致遠,0,4,0,4
專撿尾刀,0,4,0,4
布洛克斯,0,4,0,4
幸運小草,0,4,0,4
幽靈董夜花,0,4,0,4
心下人,0,4,0,4
怠惰なるカメ,0,4,0,4
愛睏熊,0,4,0,4
憂鬱假文青,0,4,0,4
放蕩,0,4,0,4
暉暉依秀,0,4,0,4
曾小白,0,4,0,4
最強無敵闇竜騎士,0,4,0,4
木螳螂,0,4,0,4
李察阿克蒙德,0,4,0,4
林坤煌,0,4,0,4
楓落紅塵,0,4,0,4
櫻京大盜韓不柱,0,4,0,4
永和小鋸鱷,0,4,0,4
江承儒,0,4,0,4
沉默風暴,0,4,0,4
河河,0,4,0,4
洨白,0,4,0,4
源可可,0,4,0,4
滅哈哈,0,4,0,4
火占師一百啪噴臉,0,4,0,4
無可避免,0,4,0,4
燕梓,0,4,0,4
爆大中天,0,4,0,4
爐石戰記,0,4,0,4
爐石戰記我幹你娘,0,4,0,4
狡猾蟲族,0,4,0,4
瘋狂汤姆,0,4,0,4
白酒蛤蜊義大利麵,0,4,0,4
絕對成交,0,4,0,4
絕對領域,0,4,0,4
繁星飛躍,0,4,0,4
苦艾酒,0,4,0,4
茶米,0,4,0,4
荷包蛋不加蛋喔,0,4,0,4
萃凰丨炫风大魔王,0,4,0,4
蔚藍的未來,0,4,0,4
血海,0,4,0,4
請叫我王小明,0,4,0,4
謝滄行,0,4,0,4
蹦蹦騎士,0,4,0,4
這回合結束,0,4,0,4
郭博,0,4,0,4
酵母君,0,4,0,4
阿杰,0,4,0,4
陳永翰,0,4,0,4
露水紅顏,0,4,0,4
風度,0,4,0,4
騎師王莫雷拉,0,4,0,4
驚天猩騎士,0,4,0,4
魔法束褲,0,4,0,4
魔鬼筋肉人,0,4,0,4
鳳梨冰茶,0,4,0,4
黃培瑜,0,4,0,4
